2 0 
2 0 
2 0 
1 0 
0 0 
2 0 
2 0 
2 0 
1 0 
0 0 
1 0 
1 0 
2 0 
2 0 
1 0 
1 0 
2 0 
2 0 
2 0 
0 0 
0 0 
0 0 
1 0 
0 0 
2 0 
1 0 
1 0 
0 0 
1 0 
2 0 
1 0 
1 0 
1 0 
1 0 
1 0 
0 0 
1 0 
1 0 
0 0 
0 0 
0 0 
1 0 
0 0 
0 0.0422425037667492 
0 0 
1 0 
1 0 
1 0 
0 0 
1 0 
0 0 
2 0 
1 0 
2 0.11266637984325202 
2 0 
2 0 
1 0 
1 0 
1 0 
2 0 
1 0 
2 0 
2 0 
1 0 
1 0 
1 0 
1 0 
2 0 
2 0 
1 0 
0 0 
1 0 
1 0 
1 0 
1 0 
1 0 
0 0.17999187635455763 
0 0 
2 0 
1 0 
1 0.06895561307499154 
2 0 
2 0 
1 0 
1 0 
1 0 
1 0 
1 0 
1 0 
1 0 
1 0 
0 0.1446625738611401 
0 0.11849153537341481 
1 0 
1 0 
1 0 
1 0 
1 0 
0 0 
1 0 
0 0 
0 0 
0 0 
0 0 
1 0 
1 0 
1 0 
1 0 
0 0 
0 0 
0 0 
0 0 
1 0 
1 0 
1 0 
1 0 
1 0.1591765358712341 
1 0.07958826793561705 
1 0 
1 0.1591765358712341 
0 0 
0 0 
1 0 
1 0 
1 0.1591765358712341 
1 0 
1 0 
2 0 
2 0 
2 0 
2 0 
2 0 
2 0 
1 0 
0 0 
1 0 
0 0 
0 0 
0 0 
0 0 
0 0 
0 0 
0 0 
0 0 
0 0 
1 0 
1 0 
0 0 
0 0 
0 0 
0 0 
0 0 
0 0.07688907427768686 
2 0 
1 0 
0 0 
1 0 
1 0 
1 0 
2 0 
1 0 
1 0 
1 0 
1 0 
0 0 
0 0 
0 0 
0 0 
0 0 
0 0 
0 0 
1 0 
1 0 
0 0 
0 0 
0 0 
1 0 
2 0 
1 0 
1 0 
1 0 
1 0 
1 0 
1 0 
2 0 
1 0 
1 0 
1 0 
1 0 
1 0 
1 0 
1 0 
1 0 
1 0 
1 0 
1 0 
2 0 
2 0 
0 0 
1 0 
1 0 
1 0 
1 0 
1 0 
1 0.06533218353740339 
1 0.0736041510473469 
1 0 
1 0 
1 0 
1 0 
2 0 
2 0 
2 0 
2 0 
1 0 
1 0.22081245314204068 
1 0 
1 0 
0 0 
0 0 
0 0 
0 0 
0 0 
1 0 
0 0 
1 0 
1 0 
2 0 
1 0 
1 0 
0 0 
2 0 
0 0.2935286546237069 
0 0.11425666717345596 
0 0.2935286546237069 
0 0.15300072818699814 
1 0 
1 0 
1 0 
1 0 
1 0 
0 0 
1 0.5735883302743356 
0 0.06482005390591446 
0 0.08194119003919081 
0 0.08194119003919081 
0 0 
1 0 
1 0.5735883302743356 
1 0.5735883302743356 
0 0.08194119003919081 
0 0.0877071203727253 
1 0 
1 0 
2 0 
1 0 
0 0.1146060825305376 
1 0.08176822635069203 
1 0.3334312027304203 
1 0.38828553663144505 
1 0 
1 0 
1 0 
2 0 
2 0 
1 0 
0 0 
0 0.07225788601159065 
1 0 
0 0 
0 0 
1 0 
1 0 
0 0 
0 0.06865034159623302 
0 0 
0 0 
0 0 
0 0 
1 0.15622641534373158 
2 0 
0 0.1058812901642834 
1 0.15622641534373158 
0 0 
1 0.15622641534373158 
0 0.05995824890189579 
0 0 
0 0 
1 0 
1 0 
1 0.06356579331725343 
0 0 
0 0 
1 0.07225788601159065 
1 0 
1 0 
1 0 
0 0 
0 0 
1 0 
0 0.08468305227684703 
0 0 
0 0.21508926583812268 
0 0.21508926583812268 
0 0.21508926583812268 
2 0 
1 0 
0 0.41759317103577576 
0 0 
1 0 
1 0 
1 0 
1 0 
0 0.41759317103577576 
0 0 
0 0 
0 0 
0 0 
1 0 
1 0 
0 0 
2 0 
2 0 
0 0 
1 0 
1 0 
1 0 
0 0.18502845817568933 
1 0 
1 0 
0 0 
1 0 
1 0.08854997511071042 
1 0 
1 0 
1 0 
1 0.1455539761003261 
0 0.3015784542543159 
0 0 
1 0 
2 0 
1 0 
1 0 
1 0 
1 0 
0 0.08854997511071042 
0 0.3015784542543159 
0 0.3015784542543159 
0 0 
0 0 
2 0 
2 0 
0 0 
1 0 
1 0 
2 0 
0 0 
0 0 
0 0 
0 0.1675580963174134 
2 0 
2 0 
1 0 
0 0.12239509958912577 
0 0 
1 0 
0 0.12239509958912577 
2 0 
0 0 
0 0 
2 0 
2 0 
1 0 
1 0 
1 0 
2 0 
2 0 
2 0 
1 0 
1 0 
2 0 
1 0 
2 0 
1 0 
2 0 
1 0 
2 0 
1 0 
1 0 
2 0 
1 0 
1 0 
0 0.08943805796452083 
1 0 
0 0.05923445309693069 
1 0.08150923591487044 
0 0.08497277695036849 
1 0 
1 0 
0 0.07867931683411437 
0 0 
1 0 
1 0.09573151808077494 
1 0.3750858277320802 
2 0 
1 0 
1 0 
1 0 
1 0 
0 0 
1 0 
1 0 
1 0 
1 0 
1 0 
1 0 
1 0 
1 0 
1 0 
1 0 
1 0.13491980985791152 
1 0 
0 0 
1 0 
2 0 
2 0 
0 0 
0 0 
0 0 
1 0 
0 0.22034305324436296 
0 0 
0 0.22034305324436296 
1 0 
1 0.12485311655556464 
0 0 
0 0 
0 0.134803923069401 
0 0 
0 0 
0 0 
0 0 
1 0 
1 0 
0 0 
0 0 
0 0 
0 0 
2 0 
0 0.09120066395289397 
0 0 
1 0 
1 0 
2 0 
0 0.5525550643348708 
0 0 
0 0.5525550643348708 
0 0 
0 0 
0 0 
2 0 
1 0 
1 0 
1 0 
0 0.5525550643348708 
1 0 
1 0 
0 0.5525550643348708 
1 0.09426094027094509 
1 0.10071404080060337 
0 0 
0 0.0855924525802133 
0 0.5525550643348708 
0 0 
2 0 
2 0 
2 0 
1 0 
2 0 
1 0 
2 0 
1 0 
2 0 
1 0 
2 0.08946939145029464 
1 0 
0 0 
0 0.1162666558232021 
1 0 
2 0 
2 0 
0 0 
2 0 
1 0 
1 0 
1 0 
1 0 
1 0 
1 0 
1 0 
1 0 
1 0 
1 0 
0 0 
2 0 
1 0 
1 0 
1 0 
1 0 
1 0 
2 0 
2 0 
1 0 
1 0 
1 0 
1 0 
1 0 
2 0 
1 0 
2 0 
1 0 
1 0 
2 0 
1 0 
0 0 
0 0.15793559354178638 
0 0.0638117402046499 
2 0 
1 0 
1 0.15623005454715688 
0 0 
1 0 
2 0 
1 0 
1 0 
0 0 
2 0 
0 0 
0 0 
1 0 
0 0 
2 0 
1 0 
2 0 
2 0 
1 0 
0 0 
0 0 
1 0 
2 0 
2 0 
1 0 
0 0.2874654302408482 
1 0 
0 0 
0 0 
0 0.12757938228968058 
1 0 
0 0.2874654302408482 
1 0 
1 0 
2 0 
1 0 
1 0 
1 0 
1 0 
1 0 
1 0 
0 0 
0 0 
1 0 
1 0 
1 0 
1 0 
1 0 
0 0 
1 0 
0 0 
0 0 
0 0 
0 0 
0 0 
0 0 
0 0 
0 0 
0 0 
0 0 
0 0 
0 0 
0 0 
0 0 
2 0 
0 0 
0 0 
0 0 
0 0.40016822841096167 
0 0 
0 0.08003364568219233 
0 0.17133069686585695 
1 0.2917541572570713 
0 0.3426613937317139 
0 0.3426613937317139 
0 0 
0 0.3426613937317139 
0 0.3426613937317139 
0 0.06826511222366713 
0 0.17133069686585695 
2 0 
0 0 
1 0.25699604529878545 
1 0.08566534843292847 
0 0 
1 0 
0 0.06410871964471557 
0 0.0692181913394044 
0 0 
0 0.18731635887249815 
0 0.09365817943624907 
0 0.18731635887249815 
0 0.09365817943624907 
0 0 
0 0 
0 0 
1 0 
1 0.07585353182826865 
0 0 
0 0 
0 0 
0 0 
0 0 
0 0 
1 0 
0 0 
1 0 
2 0 
1 0 
1 0 
2 0 
0 0 
1 0 
0 0 
0 0 
0 0 
1 0.1615085056770405 
1 0 
2 0 
0 0 
1 0 
1 0 
1 0.1615085056770405 
1 0 
2 0 
1 0 
2 0 
0 0 
1 0 
0 0 
2 0 
0 0 
2 0 
1 0 
1 0 
2 0 
2 0 
2 0 
0 0 
1 0 
1 0 
2 0 
1 0 
0 0.28597604742637683 
1 0 
2 0 
0 0 
2 0 
0 0 
2 0 
2 0 
2 0 
0 0.28597604742637683 
1 0.08127022238929417 
2 0.3250808895571767 
0 0.28597604742637683 
0 0 
2 0 
1 0 
1 0 
1 0 
1 0 
1 0.06093972964103784 
0 0 
1 0 
0 0 
1 0 
1 0 
1 0 
1 0 
1 0 
2 0 
0 0 
1 0 
1 0 
2 0 
2 0 
0 0 
1 0 
1 0 
1 0 
1 0 
1 0.08574894083277955 
1 0.2885928409602252 
1 0 
1 0 
1 0.2885928409602252 
1 0 
1 0 
1 0 
1 0 
1 0 
0 0 
0 0 
1 0.11547132152144823 
1 0 
1 0 
0 0 
2 0 
2 0 
2 0 
1 0 
1 0 
2 0 
1 0 
1 0 
2 0 
1 0 
1 0 
2 0 
0 0 
0 0 
0 0 
1 0 
1 0 
2 0 
0 0 
2 0 
0 0 
2 0 
1 0 
1 0 
2 0 
2 0 
1 0 
1 0 
1 0.11257915227854277 
0 0.10517811635024078 
1 0 
2 0 
1 0 
1 0 
1 0 
1 0 
2 0 
1 0 
1 0.07148587161545435 
1 0 
1 0 
2 0 
2 0 
1 0 
2 0 
0 0 
1 0 
2 0 
2 0 
0 0.08456838083800021 
1 0 
1 0 
1 0 
1 0 
1 0 
2 0 
1 0 
2 0 
1 0 
0 0 
0 0 
1 0 
0 0 
0 0 
0 0.2061152515968611 
2 0 
0 0 
1 0 
1 0 
0 0 
1 0 
1 0 
1 0 
1 0 
1 0 
0 0 
0 0 
0 0 
0 0 
0 0 
1 0 
0 0 
0 0 
0 0 
0 0 
0 0 
0 0 
0 0 
0 0 
0 0.24861141808654594 
0 0.08287047269551531 
2 0 
0 0 
0 0 
1 0 
2 0 
2 0 
1 0 
2 0 
2 0 
1 0 
1 0.21323089934235118 
2 0 
1 0 
1 0 
1 0 
1 0 
1 0 
1 0 
1 0 
1 0 
1 0 
1 0 
0 0 
0 0 
0 0 
0 0 
1 0 
0 0 
1 0 
2 0 
0 0 
2 0 
1 0 
1 0 
0 0 
1 0 
0 0 
0 0.07890562555240568 
0 0 
0 0 
0 0 
0 0 
0 0 
0 0.15781125110481137 
1 0 
2 0 
0 0 
0 0 
0 0 
1 0 
0 0.33959119710283425 
0 0 
0 0 
0 0 
0 0.33959119710283425 
0 0 
0 0 
0 0 
0 0 
0 0 
2 0 
1 0 
0 0 
0 0 
2 0 
1 0 
1 0 
1 0 
1 0 
1 0 
0 0 
0 0 
0 0 
1 0.10634583997964216 
1 0.10634583997964216 
1 0 
1 0 
0 0 
0 0.07432811740714824 
0 0 
1 0 
1 0 
0 0 
1 0 
0 0 
1 0 
1 0 
1 0 
1 0 
0 0 
1 0 
1 0 
0 0.1387727288816066 
0 0 
1 0 
0 0.18777146427766356 
1 0 
0 0.18777146427766356 
1 0 
1 0 
1 0 
0 0 
1 0 
0 0.18777146427766356 
0 0 
0 0 
0 0 
0 0 
1 0 
0 0.18777146427766356 
0 0 
0 0 
0 0 
0 0 
0 0 
1 0.06259048809255452 
1 0.06259048809255452 
0 0.06259048809255452 
0 0 
0 0 
1 0 
0 0 
2 0 
0 0 
1 0 
2 0 
0 0 
1 0 
0 0 
0 0 
2 0 
0 0 
1 0 
1 0 
1 0 
1 0 
1 0 
0 0 
0 0 
0 0.11988795012457745 
1 0 
1 0 
1 0 
0 0 
1 0 
0 0.11026285243716591 
1 0.0777056889047402 
2 0 
0 0.05318929168577679 
1 0 
1 0.06616140071569548 
1 0.0777056889047402 
0 0 
0 0 
0 0 
0 0.0777056889047402 
0 0.0777056889047402 
2 0 
2 0 
0 0.17530933740101629 
1 0.14408231664847285 
0 0 
1 0.22092892067350403 
1 0.2729739552610765 
0 0 
1 0.22092892067350403 
1 0.2729739552610765 
0 0 
0 0.20747637452379103 
1 0.22092892067350403 
1 0.2729739552610765 
1 0.22092892067350403 
0 0.5259280122030489 
1 0.2729739552610765 
0 0 
0 0 
1 0.22092892067350403 
0 0 
0 0 
0 0 
0 0 
1 0 
0 0 
0 0 
0 0 
0 0 
0 0 
0 0 
0 0 
0 0 
0 0 
0 0 
0 0 
0 0 
0 0 
2 0 
1 0 
2 0 
0 0 
2 0 
0 0 
1 0 
1 0 
2 0 
1 0 
0 0.32104293587276844 
1 0 
1 0 
0 0.32104293587276844 
1 0 
2 0 
1 0 
2 0 
1 0 
2 0 
1 0 
1 0 
2 0 
1 0 
1 0 
2 0 
1 0.5334712369894327 
1 0.5334712369894327 
1 0 
1 0 
1 0 
0 0.09385971348713501 
0 0.11420196844991022 
0 0 
0 0.06931531013423599 
0 0 
0 0 
0 0 
1 0 
0 0 
0 0.06931531013423599 
1 0 
0 0.3632341387768421 
0 0 
0 0.3632341387768421 
0 0 
0 0.15618319427799654 
0 0 
0 0.3632341387768421 
0 0.05650691938525027 
1 0 
1 0.06648997677860814 
0 0.05650691938525027 
2 0 
0 0.14591559669129187 
0 0 
1 0 
0 0.3632341387768421 
0 0.15618319427799654 
0 0 
0 0.23619085019012526 
1 0 
0 0.14591559669129187 
0 0.3632341387768421 
0 0 
0 0 
0 0 
0 0.15618319427799654 
1 0 
0 0 
2 0.06614893691161425 
2 0 
1 0.14265005780512072 
1 0.06476578884718069 
2 0 
1 0 
1 0 
0 0 
1 0 
0 0 
1 0 
0 0.3322913384144916 
1 0.07356207446130258 
0 0.1094135759630174 
1 0 
0 0.1094135759630174 
0 0.3322913384144916 
2 0 
1 0 
1 0 
0 0.3322913384144916 
0 0.04603093518027025 
1 0.14265005780512072 
1 0 
0 0 
1 0 
1 0.07132502890256036 
2 0 
2 0 
0 0.3322913384144916 
2 0 
2 0 
0 0 
2 0 
0 0 
0 0 
1 0 
1 0 
1 0 
2 0 
0 0 
1 0 
2 0 
0 0 
1 0 
1 0 
1 0 
2 0.05787838251254726 
1 0 
1 0 
0 0 
1 0 
1 0 
1 0 
0 0 
0 0 
1 0 
1 0 
0 0 
1 0 
1 0 
1 0 
1 0 
2 0 
1 0 
2 0 
2 0 
0 0.08455610975981866 
0 0.08455610975981866 
2 0 
0 0 
0 0 
0 0 
1 0 
0 0.1691122195196373 
0 0 
0 0 
0 0 
2 0 
2 0 
1 0 
0 0 
1 0 
1 0 
2 0 
0 0 
1 0 
1 0 
1 0 
0 0 
0 0 
0 0 
1 0 
0 0.21803422427651323 
1 0 
1 0 
1 0.13935047946094942 
0 0.1166882854938262 
0 0.21803422427651323 
1 0.20672163873361785 
1 0 
2 0 
1 0 
1 0 
2 0.20672163873361785 
0 0.29288937006590665 
0 0 
0 0 
0 0 
0 0 
0 0 
2 0 
1 0 
0 0 
2 0 
0 0 
1 0 
0 0.07322234251647666 
0 0.3661117125823833 
0 0 
0 0 
2 0 
1 0 
0 0 
0 0 
1 0 
1 0 
0 0.07322234251647666 
0 0 
0 0 
0 0 
0 0 
2 0 
2 0 
0 0 
0 0 
0 0 
0 0 
2 0 
0 0 
0 0 
2 0 
0 0 
2 0 
2 0 
0 0 
0 0 
0 0 
2 0 
1 0 
1 0 
1 0 
1 0 
1 0 
1 0 
1 0 
1 0 
1 0 
0 0 
0 0.3433941629143924 
0 0.3433941629143924 
0 0.3433941629143924 
0 0 
0 0.2225170994270615 
0 0 
0 0.3433941629143924 
1 0 
1 0 
1 0 
0 0 
1 0.40661585535273886 
0 0 
2 0 
2 0 
1 0.09022963145799695 
1 0.0865518178994831 
1 0.10165396383818472 
1 0 
1 0 
1 0.10165396383818472 
0 0 
1 0 
0 0 
2 0 
1 0 
1 0 
2 0 
1 0 
2 0 
2 0 
0 0.20330792767636943 
2 0 
2 0 
2 0 
0 0 
2 0 
1 0 
1 0 
1 0 
1 0 
1 0 
1 0 
1 0 
1 0 
1 0 
1 0 
0 0 
0 0.29560586248897996 
1 0 
2 0 
1 0 
2 0 
0 0 
1 0 
1 0 
0 0 
2 0 
2 0 
0 0 
1 0.058441777834887895 
0 0 
2 0 
1 0.12623292505238784 
1 0 
1 0 
1 0 
1 0 
1 0 
1 0 
1 0 
1 0 
2 0 
1 0 
2 0 
1 0 
1 0 
1 0 
1 0 
1 0 
2 0 
2 0 
1 0 
1 0 
1 0 
1 0 
1 0 
2 0 
1 0 
1 0 
1 0 
1 0 
2 0 
1 0 
1 0.10778722189883745 
1 0 
1 0 
0 0 
2 0 
1 0 
1 0 
1 0.12636915176019592 
2 0 
1 0 
2 0 
2 0 
1 0 
1 0 
1 0 
1 0 
1 0 
1 0 
0 0 
0 0 
0 0 
0 0 
0 0 
1 0 
1 0 
2 0 
2 0 
1 0 
2 0 
1 0 
1 0 
1 0 
1 0 
1 0.12271363671752429 
1 0 
1 0 
1 0 
1 0.10853508356336715 
1 0 
2 0 
0 0 
1 0 
1 0 
1 0 
0 0.12368163802889237 
0 0 
0 0 
1 0.399222790082168 
0 0.07585824170872042 
0 0 
1 0 
1 0 
1 0.10853508356336715 
0 0.08546295529397398 
0 0 
1 0 
1 0.399222790082168 
1 0 
0 0.17857801574095786 
1 0 
0 0 
1 0 
0 0.17857801574095786 
0 0.05754310369948704 
0 0.05664881453821332 
2 0 
0 0 
0 0 
1 0 
1 0 
0 0 
0 0 
0 0 
0 0 
1 0 
0 0 
0 0 
0 0 
0 0 
1 0 
1 0 
1 0 
0 0 
2 0 
1 0 
0 0.11739165120526167 
1 0.08272974979009222 
2 0 
1 0 
1 0 
0 0 
2 0 
2 0.08549162381150559 
1 0.08549162381150559 
1 0 
1 0 
0 0 
1 0 
2 0 
2 0 
1 0.08122337231586149 
1 0 
1 0 
0 0 
0 0 
2 0 
0 0 
1 0 
2 0 
1 0 
1 0 
1 0 
1 0 
1 0 
1 0 
1 0 
1 0 
1 0 
1 0 
0 0.11547149063227921 
1 0 
1 0 
1 0 
1 0 
1 0 
1 0 
2 0 
1 0 
2 0 
0 0 
1 0 
0 0 
1 0 
0 0 
1 0 
0 0 
0 0 
1 0 
1 0 
0 0.0831995168609573 
0 0 
1 0.15545983936767402 
0 0.1663990337219146 
0 0 
1 0 
0 0 
0 0 
1 0.07772991968383701 
1 0.15545983936767402 
0 0 
1 0 
0 0.0831995168609573 
0 0 
0 0 
0 0 
0 0 
0 0.07772991968383701 
0 0.06837958155040584 
0 0.07384917872752612 
1 0.06837958155040584 
1 0.0831995168609573 
0 0 
2 0 
0 0 
0 0 
0 0 
0 0 
0 0 
0 0.06681492753208887 
0 0 
0 0 
2 0 
0 0 
0 0.1023172933263579 
0 0 
0 0 
1 0.1023172933263579 
2 0 
0 0.25227599751758883 
2 0 
0 0.25227599751758883 
0 0 
0 0 
0 0.1023172933263579 
0 0.1023172933263579 
0 0 
1 0.0840919991725296 
2 0 
1 0 
0 0 
0 0 
1 0 
2 0 
1 0 
1 0 
1 0 
1 0 
1 0 
1 0 
1 0 
1 0 
1 0 
1 0 
0 0 
1 0 
1 0 
0 0 
1 0 
1 0 
1 0 
1 0 
1 0 
2 0 
2 0 
0 0.16300385473295953 
2 0 
2 0 
1 0 
0 0 
1 0 
1 0 
1 0 
2 0 
2 0 
1 0 
2 0 
2 0 
2 0 
1 0 
1 0 
1 0 
1 0 
2 0 
1 0 
2 0 
1 0.1501712777232206 
1 0 
2 0 
1 0 
1 0 
1 0 
0 0 
0 0.05607185632758548 
1 0 
1 0 
1 0 
1 0 
1 0 
1 0 
1 0.1501712777232206 
2 0 
1 0 
2 0 
1 0 
0 0 
0 0 
1 0 
1 0 
1 0 
2 0 
1 0 
2 0 
1 0 
1 0 
0 0.21051666205510844 
1 0.25952749133339525 
1 0.49169285625178444 
1 0 
1 0 
1 0 
1 0 
1 0.10525833102755422 
1 0 
1 0 
0 0.21051666205510844 
1 0.25952749133339525 
1 0.49169285625178444 
2 0 
0 0 
1 0 
0 0.10525833102755422 
1 0.49169285625178444 
1 0.49169285625178444 
1 0.25952749133339525 
1 0 
2 0 
2 0 
1 0.049664078629581436 
1 0 
1 0 
2 0 
0 0 
0 0 
0 0 
0 0.2800119399497731 
0 0 
1 0 
1 0.13256069991418373 
1 0.22148141538872482 
0 0.2800119399497731 
0 0 
1 0.08317468599080695 
0 0.2800119399497731 
1 0.13256069991418373 
1 0.22148141538872482 
0 0 
0 0.2800119399497731 
1 0.22148141538872482 
1 0 
2 0 
2 0 
1 0 
2 0 
1 0 
1 0 
2 0 
1 0 
2 0 
1 0 
1 0 
2 0 
1 0.0698238271475205 
1 0.0698238271475205 
1 0 
1 0 
1 0 
2 0 
1 0 
1 0 
0 0 
0 0.05115107767421453 
1 0 
1 0 
0 0 
1 0 
1 0.16732063740722522 
2 0 
2 0 
1 0.08366031870361261 
1 0 
1 0.16732063740722522 
1 0 
1 0 
1 0 
1 0.08366031870361261 
1 0 
1 0 
1 0.0781604280758463 
1 0 
0 0.061829260214094635 
0 0 
1 0 
1 0.05697318995394352 
1 0 
1 0 
1 0 
0 0.05697318995394352 
0 0 
0 0.05996710532951882 
0 0 
1 0 
1 0 
1 0.1728705598106933 
1 0.05275350323144953 
0 0 
0 0 
1 0.0641867920520128 
1 0 
0 0 
1 0 
1 0 
1 0 
1 0 
0 0.0546509287732366 
0 0 
1 0 
0 0 
0 0 
0 0 
1 0 
1 0.044706894435520596 
1 0 
1 0 
1 0.03672204859816366 
1 0.09706763301791109 
0 0 
0 0 
0 0 
2 0 
1 0 
0 0 
2 0 
1 0 
1 0 
1 0 
1 0 
1 0 
1 0 
1 0 
1 0 
1 0 
0 0 
2 0.14569559362349335 
1 0 
1 0 
1 0 
1 0 
2 0 
2 0 
1 0 
1 0 
1 0 
1 0 
2 0 
1 0 
2 0 
2 0 
1 0 
2 0 
2 0 
2 0 
1 0 
1 0 
1 0 
1 0 
1 0 
2 0 
0 0 
1 0 
2 0 
1 0 
0 0 
1 0 
1 0 
1 0 
1 0 
1 0 
0 0 
1 0 
0 0 
1 0 
1 0 
0 0 
1 0 
1 0 
1 0 
1 0 
1 0 
1 0 
1 0 
1 0 
1 0 
1 0 
1 0 
1 0 
1 0 
1 0 
1 0 
0 0 
2 0 
1 0 
1 0 
2 0 
2 0 
0 0 
0 0.10388562662439643 
0 0 
0 0 
0 0 
0 0 
0 0 
0 0.08649781434074057 
0 0 
0 0 
0 0 
0 0 
0 0 
0 0 
0 0 
1 0 
0 0.19930237312681715 
0 0.19930237312681715 
2 0 
1 0 
1 0 
0 0.10934476933877636 
0 0 
1 0 
0 0 
1 0.3986047462536343 
1 0 
0 0 
0 0 
1 0 
1 0 
1 0 
1 0 
1 0 
2 0 
1 0 
1 0 
0 0.4001969374017553 
0 0.4001969374017553 
0 0.4001969374017553 
0 0.4001969374017553 
0 0.4001969374017553 
1 0 
1 0 
1 0 
1 0 
2 0 
2 0 
0 0 
2 0 
1 0 
1 0.3853164374619686 
0 0 
0 0 
1 0 
1 0 
2 0 
0 0 
1 0 
2 0 
2 0 
0 0 
1 0 
0 0 
2 0 
0 0 
1 0.3362526436792208 
0 0 
1 0 
1 0.2080793437540641 
1 0 
2 0 
1 0 
1 0.3948469356406052 
0 0 
0 0 
0 0 
0 0 
0 0 
0 0 
0 0 
1 0 
1 0 
1 0 
1 0 
1 0 
2 0 
2 0 
1 0 
2 0 
1 0 
1 0 
1 0 
1 0 
2 0 
1 0 
1 0 
1 0 
1 0 
1 0 
2 0 
2 0 
1 0 
1 0 
2 0 
2 0 
1 0 
1 0 
0 0 
1 0 
1 0 
0 0 
0 0 
0 0 
0 0 
0 0 
1 0 
1 0 
0 0 
2 0 
0 0 
2 0 
0 0 
0 0 
0 0 
0 0 
0 0 
1 0 
1 0 
0 0 
2 0 
1 0 
2 0 
1 0 
1 0 
1 0 
0 0 
2 0 
0 0 
0 0 
0 0 
2 0 
1 0 
1 0 
2 0 
1 0 
1 0 
2 0 
1 0 
1 0 
0 0 
0 0 
2 0 
1 0 
1 0 
1 0 
1 0 
1 0.07734598951854074 
0 0.5232789549123793 
0 0 
0 0 
0 0.17821536162939206 
0 0.17821536162939206 
0 0.07913380297970206 
0 0 
0 0 
2 0 
2 0 
1 0 
1 0 
2 0 
0 0 
2 0 
1 0 
1 0 
1 0 
0 0 
0 0 
2 0 
1 0 
0 0 
2 0 
1 0 
0 0 
1 0 
1 0 
0 0 
2 0 
2 0 
2 0 
0 0.5500571860174069 
0 0 
2 0 
1 0 
1 0 
2 0 
2 0 
1 0 
1 0 
2 0 
2 0 
2 0 
2 0 
2 0 
2 0 
1 0 
2 0 
1 0 
2 0 
1 0 
1 0 
1 0 
1 0 
1 0 
1 0 
1 0 
1 0 
2 0 
0 0 
0 0 
1 0 
1 0 
1 0 
1 0 
1 0 
0 0 
2 0 
1 0 
0 0 
0 0 
0 0 
1 0 
1 0 
1 0 
0 0 
1 0 
2 0 
1 0 
1 0 
1 0 
1 0 
1 0 
0 0 
2 0 
1 0 
1 0 
2 0 
0 0 
0 0 
2 0 
0 0.32267103445482126 
2 0 
0 0.32267103445482126 
0 0.04242677175639441 
0 0.3937072519717744 
1 0 
0 0.19621260553433786 
0 0 
2 0 
0 0 
0 0.19621260553433786 
0 0.3937072519717744 
0 0 
0 0.19621260553433786 
0 0.3937072519717744 
2 0 
0 0 
0 0 
0 0 
0 0 
0 0.15079594745711009 
0 0.4523878423713303 
0 0.2605903144649177 
0 0.15079594745711009 
1 0 
0 0.4523878423713303 
0 0.4523878423713303 
0 0.4523878423713303 
0 0 
0 0 
0 0 
0 0.09531309095837885 
0 0 
1 0 
0 0.4523878423713303 
0 0.061620683439735695 
0 0 
1 0 
1 0 
1 0 
1 0 
1 0 
1 0 
1 0 
1 0 
1 0 
0 0.0858478427323018 
0 0.056060097022399245 
1 0.0858478427323018 
1 0 
1 0 
0 0 
0 0 
2 0 
1 0 
1 0 
1 0 
2 0 
2 0 
1 0 
1 0 
1 0 
2 0 
1 0 
1 0 
1 0 
1 0 
1 0 
1 0 
1 0 
1 0 
0 0 
2 0 
1 0 
1 0 
1 0 
0 0 
0 0 
2 0 
1 0 
0 0 
1 0 
1 0 
1 0 
1 0 
1 0.7252356125814863 
1 0.7252356125814863 
1 0.7252356125814863 
2 0 
1 0 
2 0 
1 0 
2 0 
1 0 
1 0 
0 0.07216681127863302 
0 0.3763786020687938 
0 0.10324772049020257 
1 0.09409465051719845 
1 0 
0 0 
0 0.0769736160399834 
2 0 
1 0 
1 0 
1 0 
1 0 
1 0.3763786020687938 
2 0 
1 0.3763786020687938 
0 0.06287379736419223 
1 0 
0 0 
1 0 
1 0 
1 0 
0 0 
2 0 
2 0 
0 0 
0 0 
1 0 
1 0 
0 0 
0 0 
1 0 
1 0 
1 0 
1 0 
2 0 
1 0 
1 0 
1 0 
1 0 
0 0 
0 0 
1 0 
0 0 
0 0 
0 0 
0 0 
0 0 
2 0 
1 0 
0 0 
1 0 
0 0 
1 0.06588549386066943 
1 0 
1 0 
0 0 
0 0 
0 0 
1 0 
0 0 
0 0 
1 0 
0 0 
2 0 
0 0 
0 0 
1 0 
1 0 
1 0 
1 0 
1 0 
1 0 
2 0 
1 0 
1 0 
1 0 
2 0 
1 0 
1 0 
1 0 
1 0 
2 0 
0 0 
1 0 
1 0 
1 0 
1 0 
1 0 
0 0.3718552579930808 
1 0 
2 0 
2 0 
0 0.3718552579930808 
1 0 
1 0 
0 0.3718552579930808 
0 0 
2 0 
1 0 
1 0 
0 0 
0 0 
1 0.06651135251729164 
1 0 
0 0 
1 0 
0 0.19492150141155978 
0 0 
0 0 
0 0 
0 0 
0 0 
2 0 
1 0 
0 0 
0 0 
0 0 
1 0 
0 0 
0 0 
0 0 
0 0.12638141862071975 
0 0 
0 0 
0 0 
0 0 
0 0 
0 0 
2 0 
2 0 
1 0 
2 0 
2 0 
1 0 
2 0 
1 0 
1 0 
0 0 
1 0 
1 0 
0 0 
1 0 
0 0 
2 0 
0 0 
0 0 
0 0 
0 0 
1 0 
0 0 
0 0.04788477638857406 
0 0.06055276286720153 
0 0 
0 0.07111841803199652 
1 0 
1 0 
0 0 
1 0 
0 0.0495348576511075 
2 0 
1 0 
1 0 
1 0 
1 0 
1 0 
1 0 
1 0 
2 0 
1 0 
0 0 
1 0.08478401924787493 
1 0 
2 0 
1 0 
2 0 
1 0 
1 0 
1 0.1171700660195316 
0 0 
0 0 
0 0 
0 0 
0 0 
0 0 
1 0.07107744534361292 
1 0 
2 0 
2 0 
0 0 
1 0.10556414484582659 
1 0 
2 0 
0 0 
0 0 
1 0 
2 0 
1 0 
1 0 
1 0 
2 0 
0 0 
0 0 
0 0 
0 0 
1 0 
0 0 
1 0.16178000709494225 
0 0 
0 0 
0 0.17439498793020097 
0 0.17439498793020097 
1 0.16178000709494225 
0 0.3911895501287655 
2 0 
0 0.1827362312901501 
1 0 
1 0 
1 0 
0 0.3911895501287655 
1 0 
1 0 
0 0.3911895501287655 
1 0 
1 0 
1 0 
1 0 
1 0 
0 0 
1 0 
1 0 
0 0.1827362312901501 
2 0 
2 0 
0 0 
1 0 
2 0 
1 0 
1 0 
1 0 
1 0 
1 0 
1 0 
1 0 
0 0 
0 0 
0 0 
0 0 
1 0 
0 0 
0 0 
0 0 
0 0 
0 0 
0 0 
2 0 
2 0 
1 0 
2 0 
2 0 
2 0 
2 0 
2 0 
0 0 
2 0 
1 0 
0 0.06858187742009675 
0 0 
0 0 
0 0 
0 0 
0 0 
1 0 
0 0.2329678098883751 
0 0.13123239527404196 
0 0 
0 0 
1 0.12260508148882852 
2 0 
0 0.19397492243995684 
0 0.13123239527404196 
0 0.19397492243995684 
2 0 
2 0 
2 0 
1 0 
1 0 
1 0 
0 0 
1 0 
0 0 
0 0 
1 0 
0 0 
1 0 
1 0.06857779321400728 
0 0 
1 0 
1 0 
1 0 
1 0 
1 0 
1 0 
1 0 
1 0 
1 0 
1 0 
2 0 
0 0 
1 0 
1 0 
1 0 
1 0 
2 0 
1 0 
1 0 
1 0 
1 0 
1 0 
2 0 
1 0 
1 0 
1 0 
1 0.26869315363118357 
1 0 
1 0 
1 0 
0 0 
2 0.09487373361554845 
1 0 
1 0 
1 0 
2 0 
2 0 
1 0 
2 0 
1 0 
1 0 
2 0 
2 0 
1 0 
1 0 
0 0 
1 0 
1 0 
1 0 
2 0 
0 0 
1 0 
1 0 
0 0.17234223591942688 
1 0 
1 0 
1 0 
1 0 
1 0 
2 0 
2 0 
1 0 
1 0 
1 0 
1 0 
1 0 
1 0 
1 0 
0 0 
1 0.3759916746516206 
2 0 
1 0 
0 0.09399791866290515 
2 0 
1 0 
1 0 
2 0 
1 0 
0 0.2100999895673725 
0 0.2100999895673725 
1 0 
1 0 
1 0 
1 0 
2 0 
0 0 
2 0 
2 0 
1 0 
0 0.23932952992594797 
0 0.23932952992594797 
0 0.23932952992594797 
2 0 
1 0.16545574014288797 
1 0 
0 0 
1 0 
1 0 
1 0 
0 0 
1 0.2286570059762596 
0 0.09734337351665663 
1 0 
0 0 
1 0 
0 0.1051199602288058 
1 0.10681246346288456 
2 0 
1 0 
2 0 
0 0 
1 0 
2 0 
1 0 
1 0 
1 0 
2 0 
1 0 
1 0 
0 0 
0 0 
1 0 
1 0 
1 0 
1 0 
0 0 
1 0 
1 0 
2 0 
0 0 
2 0 
2 0 
1 0 
0 0 
1 0 
1 0 
0 0 
1 0 
1 0 
1 0 
1 0 
0 0.3158030231559501 
0 0 
0 0 
0 0 
0 0 
0 0 
0 0 
0 0 
0 0 
1 0 
0 0 
0 0.15790151157797505 
0 0 
0 0 
0 0 
0 0 
0 0 
0 0 
0 0 
2 0 
0 0 
0 0.3067889518903543 
0 0 
2 0 
0 0 
1 0 
2 0 
1 0 
0 0.09774077048132623 
0 0 
0 0.22242700983253208 
0 0.3067889518903543 
2 0 
2 0 
1 0 
1 0 
0 0 
1 0 
0 0 
1 0 
1 0.07595648214056729 
1 0.1248534284998997 
1 0 
1 0 
0 0 
0 0 
0 0 
0 0 
1 0 
0 0 
0 0 
0 0 
0 0 
0 0 
0 0 
0 0 
0 0 
0 0 
0 0 
0 0 
0 0 
1 0 
0 0.05199196533670622 
0 0 
0 0 
0 0 
0 0 
0 0 
0 0 
0 0 
0 0 
0 0 
0 0 
0 0.13181373419648604 
1 0.1050398967861426 
0 0 
0 0 
0 0 
0 0 
0 0 
0 0 
0 0 
0 0 
0 0 
1 0.06157410138235754 
1 0.05611546214265588 
1 0.05611546214265588 
0 0 
0 0 
1 0.06157410138235754 
0 0 
0 0.1574134625603897 
1 0 
0 0 
1 0 
1 0.06590686709824302 
1 0 
0 0.06590686709824302 
1 0.06157410138235754 
0 0 
0 0 
0 0 
0 0.06590686709824302 
0 0 
0 0.05849995518415632 
0 0 
0 0 
0 0.0525199483930713 
0 0 
2 0 
1 0 
0 0 
1 0 
2 0 
2 0 
0 0 
1 0.2738093354496597 
1 0 
1 0 
1 0.14549268709743451 
1 0 
0 0 
1 0 
1 0 
1 0 
0 0 
1 0 
2 0 
2 0 
1 0 
1 0 
1 0 
2 0 
2 0 
0 0 
1 0 
1 0 
1 0 
2 0 
0 0.13214282540985764 
2 0 
1 0 
1 0 
1 0 
1 0 
1 0 
1 0 
1 0 
1 0 
1 0 
1 0 
1 0 
1 0 
1 0 
1 0 
1 0 
1 0 
1 0 
1 0 
2 0 
1 0 
0 0 
1 0 
0 0 
2 0 
0 0 
2 0 
2 0 
2 0 
1 0.05872426412226257 
1 0 
1 0.27590492451873044 
2 0 
1 0 
2 0 
1 0 
1 0 
1 0 
2 0 
2 0 
2 0 
2 0 
2 0 
2 0 
2 0 
0 0 
0 0 
0 0.30478547770389863 
0 0.30478547770389863 
0 0 
0 0 
0 0.30478547770389863 
1 0 
0 0 
0 0.19952849246831014 
1 0 
1 0 
1 0.15544510614996135 
1 0 
1 0 
1 0 
1 0 
1 0 
1 0 
2 0 
0 0 
1 0 
1 0 
0 0 
0 0 
0 0 
0 0 
2 0 
0 0 
1 0 
1 0 
1 0 
0 0 
1 0 
1 0 
1 0.10202744885588863 
0 0 
1 0 
0 0 
0 0 
2 0 
2 0.05151757001267096 
1 0 
1 0.10920678274071435 
0 0 
1 0 
1 0 
2 0 
0 0 
1 0 
0 0 
1 0.11465948991149356 
1 0 
0 0 
0 0 
0 0 
0 0 
1 0 
0 0 
0 0.09634134021989688 
0 0 
0 0 
2 0 
1 0 
0 0 
2 0 
2 0 
2 0 
1 0 
1 0 
0 0 
1 0 
0 0 
1 0 
0 0 
0 0 
0 0 
1 0 
1 0 
0 0 
0 0 
2 0 
1 0 
0 0 
0 0 
0 0 
0 0 
2 0 
1 0 
1 0 
2 0 
0 0.29900233404102955 
0 0 
1 0 
0 0.29900233404102955 
0 0.20237784848020776 
2 0 
0 0.08008448086183143 
2 0 
0 0.06408649590837105 
0 0.1859269061281218 
0 0.11403542522558507 
0 0 
0 0.10938727332394747 
1 0.17300565242119503 
1 0 
0 0 
0 0.19919389329548026 
0 0.19919389329548026 
2 0 
1 0 
1 0 
1 0 
1 0 
2 0 
1 0 
2 0 
1 0 
1 0 
2 0 
1 0 
2 0 
1 0 
1 0 
1 0 
2 0 
0 0 
0 0 
0 0 
1 0 
1 0 
1 0 
0 0.09792663284008829 
2 0 
0 0 
0 0 
0 0 
0 0.09792663284008829 
1 0.28204484798403123 
0 0 
0 0 
0 0 
1 0 
0 0 
0 0 
1 0 
0 0 
0 0 
0 0 
0 0 
1 0 
1 0 
0 0 
0 0 
1 0.29377989852026487 
1 0.28204484798403123 
1 0.28204484798403123 
0 0 
0 0 
0 0 
0 0.08782925637133822 
0 0 
2 0 
2 0 
2 0 
1 0 
2 0 
0 0 
0 0 
1 0 
2 0 
0 0 
0 0 
0 0 
0 0 
2 0 
2 0 
2 0 
0 0 
2 0 
1 0 
0 0 
2 0 
2 0 
2 0 
1 0 
1 0 
1 0 
2 0 
2 0 
2 0 
2 0 
2 0 
2 0 
1 0 
1 0 
1 0 
1 0 
0 0 
0 0 
0 0.21772656804863155 
1 0 
0 0.21772656804863155 
0 0 
1 0 
1 0 
1 0 
0 0.14431927764494568 
0 0.12883831416493527 
1 0 
0 0 
0 0 
0 0 
1 0 
0 0 
0 0 
0 0 
1 0 
0 0 
1 0 
2 0 
0 0 
0 0 
0 0 
1 0 
2 0 
1 0 
1 0 
1 0 
1 0 
1 0 
1 0 
1 0 
0 0 
2 0 
0 0 
2 0 
1 0 
1 0 
1 0 
1 0 
1 0 
1 0 
0 0 
1 0 
1 0 
1 0 
1 0 
1 0 
0 0 
1 0 
0 0 
0 0 
1 0.04209481234945885 
2 0 
0 0 
1 0 
0 0.16823646299006828 
1 0 
1 0 
0 0.04742460390452819 
0 0 
0 0 
0 0 
0 0 
0 0 
0 0 
2 0 
0 0 
0 0 
2 0 
0 0 
1 0.09484920780905638 
0 0 
0 0 
0 0 
0 0 
0 0 
0 0.03897708415308299 
0 0.04742460390452819 
0 0.04742460390452819 
1 0 
2 0 
2 0 
0 0 
2 0 
0 0 
0 0 
0 0.23842875153017654 
0 0.17013746241480482 
0 0.16916251353324255 
0 0.23842875153017654 
1 0 
0 0.17013746241480482 
0 0.23842875153017654 
0 0 
0 0 
1 0 
1 0 
2 0 
1 0 
1 0 
1 0 
1 0 
2 0 
1 0.48726916076253685 
0 0 
0 0.35383183589176864 
2 0 
1 0.48726916076253685 
0 0 
0 0 
0 0.35383183589176864 
1 0.48726916076253685 
0 0 
0 0 
2 0 
0 0.09658794457630723 
1 0 
1 0.48726916076253685 
0 0.06751184369916305 
1 0.48726916076253685 
2 0.1892840873928699 
1 0 
1 0.09662030231436393 
0 0 
2 0 
2 0 
2 0 
0 0.17152335118112771 
2 0 
1 0 
1 0 
2 0 
1 0 
0 0 
0 0 
2 0.08940260390596802 
0 0 
0 0 
0 0 
1 0 
1 0 
1 0 
1 0 
1 0 
1 0 
0 0 
0 0 
0 0 
2 0 
1 0.08147262092077562 
0 0 
0 0 
0 0 
0 0.16294524184155124 
2 0 
2 0 
1 0 
0 0 
1 0 
1 0 
0 0.08147262092077562 
0 0 
1 0 
0 0.08644938673209318 
0 0 
1 0 
2 0 
2 0 
1 0 
1 0 
1 0 
1 0 
1 0 
1 0 
1 0 
1 0 
2 0 
1 0 
1 0 
0 0 
0 0 
1 0 
2 0 
0 0 
0 0 
0 0 
0 0 
0 0 
0 0 
1 0 
2 0 
2 0 
0 0 
0 0 
1 0 
2 0 
1 0 
0 0 
0 0 
2 0 
1 0 
0 0 
1 0 
0 0 
1 0 
2 0 
2 0 
1 0 
2 0 
1 0 
1 0 
0 0 
2 0 
2 0 
0 0 
0 0.1160235234696087 
0 0 
0 0 
0 0 
1 0 
1 0 
1 0.05419802602820484 
0 0 
0 0 
1 0 
2 0 
1 0 
1 0 
2 0 
0 0 
1 0.05812223222398594 
1 0 
1 0 
1 0 
1 0 
1 0.04631651861624028 
0 0 
0 0 
0 0 
0 0.20618577627207374 
0 0 
0 0 
0 0 
0 0 
0 0 
1 0.23248892889594375 
0 0 
0 0 
0 0 
0 0 
0 0.054301234106514586 
0 0 
0 0.20618577627207374 
0 0 
0 0.03913430824625736 
0 0 
0 0 
0 0.20636077119174406 
0 0 
0 0.20636077119174406 
0 0 
0 0 
0 0.1979493831591145 
0 0 
0 0 
2 0 
1 0 
1 0 
1 0.14008393317292148 
1 0 
1 0 
1 0 
1 0 
1 0 
1 0 
1 0 
1 0 
1 0 
1 0 
1 0 
0 0.12903822660059536 
2 0 
2 0 
1 0 
1 0 
1 0 
1 0.1725319022410449 
2 0 
1 0 
1 0 
0 0 
2 0 
1 0 
1 0 
1 0 
2 0 
1 0 
1 0 
1 0 
2 0 
1 0 
1 0 
1 0 
1 0 
1 0 
1 0 
2 0 
1 0 
1 0 
1 0 
1 0 
2 0 
0 0 
1 0 
1 0 
0 0 
2 0 
1 0 
2 0 
1 0 
1 0 
1 0 
0 0.10420085793259307 
2 0 
2 0 
1 0 
0 0 
0 0 
1 0 
1 0 
2 0 
2 0 
1 0 
1 0 
2 0 
2 0 
1 0 
2 0 
1 0 
2 0 
0 0 
0 0 
2 0 
0 0 
2 0 
0 0 
1 0 
2 0 
0 0 
0 0 
0 0.08053459475038245 
1 0 
0 0.16556746239559963 
2 0 
1 0 
2 0 
2 0 
0 0 
2 0 
0 0 
1 0 
0 0.3926855868756576 
0 0.3926855868756576 
0 0.11915038860850521 
0 0 
0 0 
1 0.11915038860850521 
1 0 
0 0 
0 0.3926855868756576 
0 0.3926855868756576 
0 0.21816093211141802 
1 0 
0 0 
0 0 
0 0 
1 0 
0 0.14101772688535702 
0 0 
0 0.3926855868756576 
0 0 
0 0.16532841477609087 
0 0 
0 0.21816093211141802 
1 0 
1 0 
2 0 
0 0.21816093211141802 
1 0 
1 0 
0 0.21990889238916872 
1 0 
0 0 
1 0 
0 0 
2 0 
2 0 
0 0 
0 0 
2 0 
1 0 
2 0 
2 0 
0 0 
2 0 
2 0 
0 0 
1 0.060807137145391266 
2 0 
0 0 
0 0 
1 0 
0 0 
0 0 
0 0 
2 0 
0 0 
2 0 
2 0 
0 0 
0 0 
0 0 
1 0 
0 0 
0 0 
1 0 
1 0 
1 0 
1 0 
0 0 
0 0 
0 0 
1 0 
1 0 
1 0 
1 0 
1 0 
2 0 
2 0 
2 0 
1 0 
1 0 
1 0 
0 0 
1 0.06589735471301059 
0 0 
1 0 
0 0 
0 0 
0 0.21620338135043596 
0 0 
2 0 
2 0 
2 0 
2 0 
0 0 
2 0 
0 0 
0 0 
1 0 
1 0.2320164079481339 
1 0.13729423619061792 
1 0.15467760529875596 
1 0.06584902064545561 
0 0 
2 0.07733880264937798 
2 0 
0 0 
0 0.31781404281540654 
1 0 
1 0 
1 0 
1 0 
1 0 
1 0 
0 0.31781404281540654 
0 0 
0 0 
0 0 
0 0.07733880264937798 
0 0.2542512342523252 
0 0 
2 0 
2 0 
0 0 
1 0 
1 0 
1 0.060788478272632084 
2 0 
1 0 
1 0 
1 0 
0 0 
0 0.12576642704259433 
0 0 
0 0 
1 0 
0 0 
1 0 
2 0 
2 0 
1 0 
0 0 
1 0 
2 0 
0 0 
0 0 
0 0 
0 0.4154519323975981 
0 0 
1 0 
0 0 
0 0.0520666019540258 
2 0 
2 0 
1 0 
0 0 
1 0 
1 0 
1 0.08199681667924627 
1 0.07660628589297777 
2 0 
1 0 
1 0 
1 0 
0 0 
1 0 
0 0 
0 0 
0 0 
0 0 
0 0 
0 0 
0 0 
0 0 
0 0 
0 0 
1 0 
1 0.22981885767893329 
0 0 
0 0 
0 0.4099840833962313 
0 0.16399363335849254 
0 0.4099840833962313 
1 0.22981885767893329 
0 0 
1 0 
2 0 
1 0 
1 0 
1 0 
1 0 
2 0 
2 0 
2 0 
1 0 
2 0 
0 0 
0 0.2942501380745769 
2 0 
1 0 
2 0 
1 0 
1 0 
1 0 
2 0 
1 0 
1 0 
2 0 
1 0.07918002088011535 
1 0 
1 0 
0 0 
1 0 
0 0.09780586532139332 
1 0 
0 0 
1 0 
0 0 
0 0 
2 0 
0 0 
2 0 
2 0 
2 0 
2 0 
1 0 
2 0 
1 0 
1 0 
1 0 
1 0.12225494014133349 
2 0 
1 0 
1 0 
2 0 
1 0 
2 0 
2 0 
2 0 
2 0 
2 0 
2 0 
1 0 
1 0 
1 0 
1 0 
1 0 
1 0 
1 0 
1 0 
0 0.14418746380403535 
0 0.14418746380403535 
2 0 
0 0.06404542509841607 
1 0 
1 0 
1 0 
1 0 
1 0 
1 0 
1 0 
2 0 
1 0 
1 0 
2 0 
1 0 
1 0 
1 0 
1 0.06581536876491648 
1 0.07507808255493809 
1 0 
0 0 
1 0 
2 0 
1 0 
1 0.19858406444209667 
1 0 
1 0 
1 0 
1 0 
1 0 
2 0 
2 0 
1 0 
1 0 
1 0 
2 0 
1 0 
2 0 
2 0 
1 0 
1 0 
2 0 
1 0 
2 0 
1 0 
2 0 
1 0 
1 0 
1 0 
1 0 
1 0 
1 0 
1 0 
1 0 
1 0 
1 0 
1 0 
1 0 
1 0 
1 0 
1 0 
1 0 
1 0 
2 0 
2 0 
1 0 
2 0 
1 0 
1 0 
1 0 
0 0 
0 0 
1 0 
1 0 
1 0 
1 0 
1 0 
1 0 
1 0 
1 0 
1 0 
1 0 
1 0 
2 0 
1 0 
2 0 
1 0 
1 0 
1 0 
2 0 
1 0 
1 0 
2 0 
1 0 
1 0 
2 0 
1 0 
1 0 
2 0 
2 0 
2 0 
2 0 
1 0 
1 0 
1 0 
2 0 
1 0 
1 0 
1 0 
2 0 
0 0 
1 0 
2 0 
2 0 
2 0 
1 0 
2 0 
1 0 
2 0 
1 0 
0 0 
1 0 
2 0 
2 0 
0 0 
0 0 
0 0.15853576717037782 
2 0 
2 0 
0 0 
0 0 
0 0 
0 0 
0 0 
0 0 
2 0 
2 0 
1 0 
1 0 
1 0 
1 0 
0 0.15853576717037782 
1 0 
2 0 
2 0 
1 0 
1 0.14811350971860876 
1 0 
2 0 
0 0.07035940018760338 
1 0 
1 0 
2 0 
2 0 
2 0.07926788358518891 
2 0.07405675485930438 
0 0.14071880037520676 
2 0 
1 0 
1 0 
1 0 
1 0 
1 0 
1 0 
0 0 
1 0 
0 0.1846279467531945 
0 0.29666921845065297 
0 0 
0 0.2816187058580073 
0 0 
2 0 
0 0.3708365230633162 
0 0 
0 0 
1 0 
0 0 
0 0 
1 0 
2 0 
0 0 
1 0 
0 0 
2 0 
0 0 
0 0 
0 0 
2 0 
2 0 
0 0 
2 0 
1 0 
0 0 
0 0 
0 0 
1 0 
0 0 
1 0.07697770700839388 
1 0.07697770700839388 
1 0 
2 0 
0 0 
0 0.13665320803240566 
1 0 
1 0 
0 0 
1 0 
1 0 
2 0 
1 0 
1 0 
1 0 
0 0 
1 0 
1 0 
1 0.14441718064880776 
1 0 
2 0 
0 0.07338541876246447 
0 0 
0 0 
2 0 
1 0 
2 0 
0 0 
1 0 
1 0 
1 0.08619020242640285 
1 0 
1 0 
2 0.05899691363568146 
1 0 
1 0 
2 0 
0 0 
1 0 
1 0 
2 0 
1 0 
0 0 
2 0 
1 0 
1 0 
1 0 
1 0 
0 0 
0 0.2560241695577934 
1 0 
1 0.05964751273643984 
0 0 
1 0.06719972147476089 
0 0.2560241695577934 
1 0 
0 0 
0 0 
1 0 
0 0 
0 0 
1 0 
0 0 
1 0 
0 0 
1 0 
1 0 
0 0.2560241695577934 
1 0 
1 0 
1 0 
0 0.2560241695577934 
0 0.2560241695577934 
2 0 
1 0 
2 0 
1 0 
1 0 
0 0.05209530399811879 
0 0.2560241695577934 
2 0 
2 0 
1 0 
1 0 
0 0 
0 0 
2 0 
0 0 
1 0 
1 0 
0 0 
0 0 
0 0 
2 0 
1 0 
2 0 
1 0 
1 0 
0 0 
1 0 
2 0 
1 0 
2 0 
2 0 
0 0 
0 0 
1 0 
1 0 
1 0 
1 0 
1 0 
1 0 
0 0 
0 0 
2 0 
0 0 
0 0 
0 0 
0 0 
0 0 
0 0 
0 0 
2 0 
0 0 
1 0 
0 0.16214973651504486 
0 0.19650978646186235 
1 0 
1 0 
1 0 
1 0.10248944249467576 
0 0.16214973651504486 
1 0 
0 0 
0 0.29895266646540175 
0 0 
1 0 
1 0 
1 0 
0 0.29895266646540175 
1 0 
1 0 
2 0 
1 0 
2 0 
2 0 
2 0 
2 0 
0 0 
1 0 
0 0 
0 0.11000390115853101 
1 0 
2 0 
1 0 
0 0 
0 0.12679892048077282 
1 0 
1 0 
0 0.29895266646540175 
0 0 
0 0 
0 0 
2 0 
2 0 
2 0 
2 0 
0 0 
0 0 
0 0 
0 0 
0 0 
0 0 
1 0 
1 0 
2 0 
2 0 
2 0 
2 0 
2 0 
1 0 
2 0 
2 0 
0 0.3993063490677609 
0 0.3993063490677609 
0 0.23831300513459736 
0 0.23831300513459736 
1 0 
1 0 
0 0 
0 0 
1 0.06779107893788666 
1 0 
0 0.3993063490677609 
0 0 
1 0.09554899721945745 
2 0 
1 0 
1 0 
2 0 
1 0 
0 0 
0 0 
1 0 
1 0 
1 0 
1 0 
1 0 
1 0 
1 0 
1 0 
1 0 
1 0 
0 0 
1 0 
0 0 
1 0 
1 0 
1 0 
1 0 
0 0 
1 0 
1 0 
1 0 
1 0 
1 0 
1 0 
0 0.25034361831853197 
0 0 
0 0 
0 0.2940252641859802 
0 0.09156527598747818 
0 0.09156527598747818 
0 0.2940252641859802 
1 0 
2 0 
1 0 
2 0 
1 0 
1 0 
1 0 
1 0 
0 0.10285163530986037 
1 0 
0 0 
0 0 
2 0 
0 0 
1 0 
1 0 
1 0 
1 0 
1 0 
0 0 
2 0 
0 0.10285163530986037 
1 0 
1 0 
0 0 
0 0 
1 0 
2 0 
0 0 
1 0 
0 0 
1 0 
1 0 
1 0 
0 0.04161793153619481 
2 0 
1 0.08457601737928547 
0 0 
2 0 
1 0 
1 0 
0 0 
0 0 
1 0 
1 0 
0 0 
2 0 
1 0 
1 0 
0 0 
1 0.08335252489114622 
0 0 
1 0 
1 0 
1 0 
0 0 
0 0 
1 0 
0 0 
0 0 
2 0 
1 0.15511964620988797 
1 0 
1 0 
1 0.0783553224409733 
1 0.06843444353614066 
1 0 
1 0 
1 0 
2 0 
2 0 
0 0 
0 0.08827620134580592 
0 0 
0 0 
1 0 
1 0 
1 0 
1 0 
0 0 
1 0 
1 0 
2 0 
1 0 
2 0 
2 0 
0 0 
2 0 
0 0 
0 0 
1 0 
1 0 
1 0 
0 0.07725832141638331 
0 0.11632928704592164 
0 0 
0 0 
1 0 
1 0 
2 0 
1 0 
0 0 
0 0 
1 0 
1 0 
0 0 
0 0.2503143536610289 
0 0 
2 0 
1 0 
1 0 
2 0 
1 0.06329290215423328 
0 0.08003713046964914 
0 0 
0 0 
0 0 
0 0.11632928704592164 
1 0 
0 0 
0 0 
1 0 
1 0 
1 0 
0 0 
1 0 
1 0 
1 0 
0 0 
0 0 
0 0 
1 0 
1 0 
1 0 
1 0 
1 0 
1 0 
1 0 
2 0 
1 0.3839456621855064 
2 0 
1 0 
1 0 
1 0 
1 0 
0 0 
1 0 
1 0.05839479576799353 
1 0.05839479576799353 
1 0 
1 0 
1 0 
1 0 
1 0.2879592466391298 
0 0.20715268211437005 
0 0.20715268211437005 
1 0 
1 0.2879592466391298 
0 0 
1 0 
0 0 
0 0 
0 0.2853404240984531 
0 0 
0 0 
0 0 
0 0 
0 0.2853404240984531 
1 0 
1 0 
1 0 
1 0 
0 0 
0 0 
0 0.132495422713747 
0 0 
0 0 
0 0 
2 0 
0 0 
0 0 
2 0 
0 0.09511347469948438 
0 0 
1 0.09511347469948438 
0 0 
1 0.09511347469948438 
1 0.0888606452077962 
2 0 
1 0 
1 0 
1 0 
2 0 
1 0 
1 0 
0 0 
1 0 
0 0 
0 0 
1 0 
0 0 
2 0 
0 0 
1 0 
0 0 
0 0 
0 0 
1 0 
2 0 
2 0 
2 0 
1 0 
2 0 
1 0.23596819136533664 
1 0 
1 0.09163820569422093 
1 0.09163820569422093 
2 0 
1 0 
2 0 
1 0 
1 0 
1 0 
0 0 
0 0 
1 0 
0 0.11077578744556071 
0 0 
0 0 
1 0 
1 0 
1 0 
1 0.056419915450837514 
1 0 
0 0 
0 0 
1 0 
1 0 
2 0 
0 0 
1 0 
1 0 
1 0 
1 0 
0 0 
1 0 
1 0 
1 0 
0 0 
2 0.14638649823354447 
1 0 
0 0 
1 0 
0 0.14638649823354447 
0 0.12993492124974973 
0 0 
0 0.14638649823354447 
0 0 
1 0 
0 0.07319324911677223 
0 0 
2 0 
2 0 
1 0 
1 0 
1 0 
1 0 
1 0 
1 0 
1 0 
1 0 
1 0 
1 0 
2 0 
2 0 
0 0 
0 0 
1 0 
2 0 
2 0 
2 0 
2 0 
1 0 
1 0 
1 0 
2 0 
1 0 
0 0 
1 0 
2 0 
1 0 
1 0 
1 0 
1 0.1823985835308288 
1 0 
1 0 
0 0 
0 0.2219299048313327 
0 0.2219299048313327 
0 0.09447952634679148 
0 0 
1 0 
1 0 
1 0.28451447115524037 
1 0 
0 0 
1 0 
1 0 
2 0 
1 0 
1 0 
1 0 
0 0 
1 0 
1 0 
1 0 
2 0 
1 0 
1 0 
0 0 
0 0 
2 0 
2 0 
0 0 
2 0 
2 0 
0 0 
0 0 
1 0 
1 0 
0 0.0798516841027862 
1 0 
1 0 
1 0 
1 0 
0 0 
0 0 
0 0 
0 0 
0 0 
0 0 
0 0 
0 0.061243029069686664 
0 0 
0 0 
0 0 
1 0 
1 0 
0 0 
1 0 
1 0 
0 0 
0 0 
0 0 
0 0 
0 0 
0 0 
0 0 
0 0 
2 0 
2 0 
2 0 
1 0 
2 0 
0 0 
0 0 
0 0 
0 0.36051219828032244 
0 0 
0 0 
0 0 
1 0 
0 0 
1 0 
0 0.19321828400632882 
1 0 
1 0 
1 0 
1 0.17399778781318267 
1 0 
1 0 
0 0 
0 0 
1 0 
1 0 
1 0 
2 0 
1 0 
1 0 
1 0 
0 0 
0 0 
2 0 
2 0 
2 0 
1 0 
1 0 
1 0 
2 0 
1 0 
0 0 
1 0 
1 0 
1 0 
1 0 
0 0 
1 0 
0 0 
2 0 
0 0 
1 0 
0 0 
0 0 
0 0.05015765998724643 
2 0 
2 0 
2 0 
2 0 
1 0 
1 0 
0 0 
0 0 
1 0 
1 0 
2 0 
2 0 
2 0 
2 0 
0 0.14287256199812162 
0 0.21430884299718242 
1 0 
1 0 
0 0 
2 0 
1 0 
1 0.16516291293226296 
1 0.11458679612289314 
1 0 
1 0 
1 0.16516291293226296 
2 0 
0 0 
2 0 
2 0 
0 0 
2 0 
1 0 
1 0 
1 0 
1 0 
0 0 
1 0 
2 0 
1 0 
1 0 
1 0 
1 0 
2 0 
1 0 
0 0 
1 0 
1 0 
0 0 
2 0 
2 0 
2 0 
2 0 
2 0.09302337456788806 
1 0 
2 0 
1 0 
1 0 
1 0.3570844865491517 
0 0.3449415615988368 
0 0 
0 0.3570844865491517 
0 0 
1 0.15053524085288444 
0 0 
0 0.33074738622415634 
0 0.10381506454317271 
0 0 
0 0.04555063483694962 
0 0.3570844865491517 
0 0.3570844865491517 
0 0.3570844865491517 
0 0.3449415615988368 
0 0.3570844865491517 
0 0.3449415615988368 
0 0.3570844865491517 
0 0 
0 0.09879716122688438 
0 0.06614947724483126 
1 0.15053524085288444 
1 0 
2 0 
1 0 
1 0 
0 0 
1 0 
2 0 
1 0 
2 0 
0 0 
2 0 
1 0 
2 0 
1 0 
1 0.0828709584787323 
2 0 
1 0 
1 0 
2 0 
1 0 
0 0 
2 0 
2 0 
0 0 
1 0 
2 0 
0 0 
2 0 
1 0 
1 0 
2 0 
0 0 
2 0 
1 0 
1 0 
1 0 
2 0 
2 0 
0 0 
2 0 
2 0 
1 0 
1 0 
1 0 
0 0 
0 0 
0 0 
0 0 
1 0 
1 0 
2 0 
0 0 
1 0 
0 0 
0 0 
0 0.2687414585878353 
0 0 
1 0 
0 0 
1 0 
2 0 
2 0 
2 0 
0 0 
2 0 
1 0 
1 0 
1 0 
1 0 
2 0 
1 0 
1 0 
1 0 
1 0 
1 0 
2 0 
2 0 
2 0 
2 0 
2 0 
1 0 
1 0.2815642021189367 
1 0 
1 0 
2 0 
2 0 
2 0 
1 0 
1 0 
1 0 
1 0 
1 0.2815642021189367 
2 0 
2 0 
2 0 
1 0 
2 0 
2 0 
2 0 
2 0 
1 0 
0 0 
1 0 
1 0 
0 0 
0 0 
0 0.13171259660529266 
0 0 
0 0 
1 0 
1 0 
1 0 
0 0 
1 0 
2 0 
2 0 
2 0 
1 0 
1 0 
1 0 
1 0 
1 0 
0 0 
2 0 
0 0.09110715591210129 
1 0 
1 0 
2 0 
1 0 
2 0.09110715591210129 
0 0 
2 0.1452031734298783 
2 0 
1 0 
0 0 
1 0.05379758708230255 
0 0 
2 0 
0 0 
2 0 
2 0 
1 0 
0 0 
2 0 
2 0 
2 0 
0 0 
2 0 
0 0 
2 0 
2 0 
1 0 
2 0 
0 0 
1 0 
1 0 
1 0 
0 0 
1 0 
0 0 
0 0 
1 0 
1 0 
1 0 
2 0 
1 0.09799756555347135 
1 0.09799756555347135 
2 0 
0 0.09799756555347135 
0 0 
2 0 
1 0 
2 0 
1 0 
1 0 
0 0.08054172401870524 
2 0 
1 0 
0 0 
0 0 
0 0 
0 0 
0 0 
0 0 
0 0 
2 0 
2 0 
2 0 
2 0.09631506805702364 
1 0 
0 0 
0 0.11718947304273213 
0 0 
0 0.19263013611404728 
1 0 
0 0 
1 0 
1 0 
1 0 
0 0 
1 0 
1 0.09338609688791578 
2 0 
1 0 
0 0.0725116919022073 
1 0 
0 0 
1 0 
1 0 
1 0 
1 0 
1 0 
0 0 
1 0 
1 0 
2 0 
1 0 
2 0 
1 0 
1 0 
1 0 
0 0 
1 0 
2 0 
2 0 
0 0 
1 0 
0 0 
0 0 
0 0.17312646382225322 
1 0 
0 0 
2 0 
0 0 
0 0 
0 0 
0 0.09267675680422947 
0 0.09267675680422947 
0 0.18535351360845895 
0 0 
0 0 
0 0.07007604782206156 
1 0 
2 0 
0 0 
1 0 
0 0 
0 0.23672490896280995 
0 0.09267675680422947 
0 0.08226132356706892 
0 0 
0 0 
0 0.07007604782206156 
0 0 
0 0 
0 0 
1 0.09267675680422947 
1 0 
1 0 
0 0 
2 0 
2 0 
1 0 
1 0 
0 0.25975235679517733 
0 0 
1 0 
0 0 
0 0 
0 0 
0 0 
1 0 
1 0 
1 0 
1 0 
2 0 
1 0.13779844632990065 
1 0 
1 0 
1 0 
2 0 
1 0 
1 0 
1 0 
0 0 
0 0 
0 0 
0 0 
0 0.2394464206283736 
0 0.11185251877802539 
0 0 
1 0 
0 0.30580986041872155 
0 0.30580986041872155 
0 0 
2 0 
2 0 
1 0 
0 0 
2 0 
0 0 
2 0 
0 0.07805214604331565 
0 0 
0 0 
2 0 
0 0 
2 0 
0 0 
2 0 
0 0 
2 0 
1 0.07805214604331565 
1 0.07805214604331565 
2 0 
0 0 
0 0 
0 0 
0 0 
1 0 
1 0 
1 0 
1 0 
0 0 
0 0 
0 0.08766299291286635 
0 0.07463940521980907 
0 0.08189996355086372 
0 0 
2 0 
2 0 
0 0.3890551457306644 
0 0 
0 0 
0 0 
0 0 
0 0 
1 0 
1 0 
1 0 
1 0 
1 0 
1 0 
1 0.41406452291724233 
2 0 
2 0 
1 0 
1 0 
1 0 
2 0 
2 0 
0 0 
0 0 
1 0 
1 0 
2 0 
0 0 
2 0.09736308607910499 
1 0 
2 0 
0 0 
2 0.21938122702111987 
2 0 
1 0 
1 0.0744165214973881 
0 0 
2 0 
2 0 
1 0 
1 0 
2 0 
1 0 
0 0 
0 0 
0 0 
0 0 
0 0 
0 0 
0 0 
0 0.07282894368160873 
0 0 
0 0 
0 0 
0 0 
0 0 
0 0 
0 0 
0 0 
0 0 
0 0 
0 0 
0 0.17107325962769082 
0 0 
0 0 
0 0 
0 0 
0 0 
0 0 
1 0 
0 0 
1 0 
0 0 
1 0 
0 0 
2 0 
0 0 
0 0 
1 0 
1 0.13457552081242508 
0 0 
1 0 
0 0 
0 0 
1 0 
0 0 
0 0 
1 0 
2 0 
1 0 
1 0 
1 0 
1 0 
1 0 
2 0 
1 0 
2 0 
1 0 
1 0 
2 0 
1 0 
2 0 
2 0 
1 0 
1 0 
1 0 
1 0 
1 0 
1 0 
0 0 
0 0 
0 0 
2 0 
1 0 
1 0 
1 0 
0 0 
2 0 
0 0 
0 0 
1 0.13599761978856698 
1 0 
0 0 
1 0 
0 0 
0 0 
2 0 
0 0.27651412363529443 
2 0 
1 0 
0 0.06594933101634215 
1 0 
0 0 
1 0 
1 0 
0 0 
1 0 
1 0 
1 0 
0 0 
1 0 
1 0 
1 0 
1 0 
1 0 
1 0 
0 0 
0 0 
0 0 
0 0 
0 0 
0 0 
0 0 
2 0 
2 0 
2 0 
1 0 
0 0 
1 0 
1 0 
1 0 
0 0 
2 0 
0 0 
1 0 
1 0 
1 0 
1 0 
0 0 
0 0 
0 0 
1 0 
2 0 
2 0 
2 0 
2 0 
2 0 
2 0 
1 0 
1 0 
1 0 
1 0 
2 0 
0 0 
0 0 
0 0 
0 0 
0 0 
0 0 
0 0 
0 0 
0 0 
0 0 
0 0 
0 0 
0 0 
0 0 
1 0 
1 0 
0 0 
0 0 
1 0 
0 0 
1 0.06556923493743429 
0 0 
0 0 
1 0 
0 0 
0 0.07387121646762128 
1 0 
1 0 
0 0 
1 0 
0 0 
0 0 
0 0 
0 0 
2 0 
1 0.4104773790173043 
1 0 
0 0 
0 0 
0 0 
0 0 
0 0 
1 0 
1 0 
1 0 
1 0 
0 0 
0 0 
2 0 
0 0 
0 0 
0 0.04087763487719852 
0 0 
1 0.06606422171134417 
0 0 
0 0.23455850229560246 
0 0.11249887896813068 
0 0.23455850229560246 
0 0 
0 0.23455850229560246 
0 0 
0 0.11249887896813068 
1 0 
0 0.04995340492709338 
2 0 
1 0 
2 0 
1 0 
1 0 
1 0 
1 0 
1 0 
1 0 
1 0 
2 0 
1 0 
0 0 
0 0 
0 0 
0 0 
0 0 
0 0 
0 0 
2 0 
1 0 
0 0 
0 0 
0 0 
0 0 
0 0.06753282435994182 
0 0 
0 0 
0 0 
1 0 
1 0 
1 0 
1 0 
1 0 
1 0 
1 0 
1 0 
0 0.15897913660968319 
2 0 
0 0 
1 0 
0 0 
0 0 
0 0 
0 0 
0 0 
0 0 
0 0 
2 0.3567578725756289 
2 0.3567578725756289 
1 0 
2 0.3567578725756289 
0 0.405541539639849 
1 0 
1 0 
2 0 
2 0.3567578725756289 
2 0.3567578725756289 
1 0 
1 0 
1 0 
2 0 
1 0 
1 0 
1 0 
1 0.40405684536420483 
1 0 
1 0 
1 0 
1 0 
1 0 
1 0 
1 0 
2 0 
1 0.1026740363157923 
1 0 
0 0 
0 0 
1 0 
1 0 
1 0 
1 0 
1 0 
1 0 
2 0 
1 0 
0 0.2121045122463971 
0 0.2121045122463971 
0 0.23134800854472462 
0 0 
1 0 
2 0 
0 0 
1 0 
2 0 
1 0 
2 0 
1 0 
2 0 
0 0 
2 0 
2 0 
0 0.07069066362675995 
2 0 
2 0 
0 0 
2 0 
1 0 
2 0 
0 0 
0 0 
0 0 
1 0 
1 0 
0 0 
1 0 
1 0 
0 0 
1 0 
1 0 
0 0 
2 0 
1 0 
0 0 
1 0 
1 0 
2 0 
0 0 
2 0 
2 0 
0 0 
0 0 
2 0 
0 0 
1 0 
0 0.22065246047873543 
1 0 
0 0 
1 0 
0 0 
2 0 
0 0 
0 0 
0 0 
1 0 
0 0 
0 0 
0 0 
2 0 
1 0 
2 0 
0 0 
0 0.10468902220361352 
0 0 
2 0 
0 0 
0 0.29641546872167535 
1 0.07647152587736726 
0 0.22941457763210177 
0 0 
1 0 
0 0 
2 0 
1 0 
0 0 
2 0 
1 0 
1 0 
1 0 
1 0 
0 0 
1 0 
1 0 
1 0 
1 0 
2 0 
1 0 
1 0 
1 0 
1 0 
1 0 
1 0 
1 0 
2 0 
1 0.12379068304640238 
1 0 
0 0 
0 0 
1 0 
0 0 
0 0 
0 0 
0 0 
0 0 
0 0 
0 0 
0 0 
1 0 
1 0 
0 0 
0 0 
0 0 
0 0 
0 0 
0 0 
0 0 
0 0 
1 0 
0 0 
0 0 
1 0 
0 0 
1 0 
0 0 
2 0 
0 0 
1 0 
1 0 
1 0 
1 0 
1 0 
1 0 
1 0 
1 0 
2 0 
1 0 
1 0 
0 0.07770964913728778 
0 0.09846852001779743 
1 0 
1 0.4387360178602855 
1 0 
1 0.14624533928676184 
1 0 
1 0 
2 0 
1 0 
1 0 
1 0 
1 0 
1 0 
1 0 
0 0 
0 0 
0 0 
0 0 
1 0 
1 0 
1 0 
1 0 
1 0 
0 0 
0 0.14393351787227973 
0 0 
0 0 
0 0 
0 0 
0 0.2978669814962309 
0 0 
0 0.06996816496857872 
0 0.34984082484289364 
1 0 
0 0 
1 0.32684203278019525 
1 0 
0 0.2978669814962309 
0 0 
0 0 
0 0 
1 0.20990449490573615 
0 0 
0 0.34984082484289364 
0 0 
0 0.32684203278019525 
1 0.1307368131120781 
0 0.34984082484289364 
0 0 
2 0 
1 0 
0 0 
0 0 
0 0 
0 0 
1 0 
0 0.09549181738462847 
0 0 
1 0.06881991317536253 
0 0 
0 0 
1 0 
1 0 
0 0.12347246303685135 
1 0 
0 0.12347246303685135 
1 0 
0 0 
2 0 
1 0.12471751848432426 
1 0 
1 0 
1 0 
2 0 
0 0 
1 0 
1 0 
0 0 
1 0 
1 0 
0 0 
1 0 
2 0 
0 0 
0 0 
0 0 
0 0 
1 0 
2 0 
1 0 
1 0 
2 0 
0 0 
2 0 
2 0 
0 0 
1 0 
0 0 
1 0 
0 0 
1 0 
0 0 
0 0 
0 0.08194987005271076 
0 0 
0 0 
0 0.1816954531795788 
0 0 
1 0 
1 0 
1 0 
0 0 
0 0 
0 0 
0 0 
0 0.08300417306303068 
0 0 
0 0 
0 0 
0 0 
0 0 
0 0 
0 0 
0 0 
0 0 
0 0 
0 0 
0 0.06614447139752064 
0 0 
2 0 
0 0 
0 0 
0 0.26457788559008255 
0 0 
0 0 
0 0 
2 0 
1 0.05889064890305365 
1 0.0682190334166587 
0 0 
0 0 
1 0 
1 0.07367578854942562 
0 0.08300417306303068 
2 0 
1 0.07067271949458398 
1 0.055887579848212 
1 0 
2 0 
2 0 
1 0 
0 0 
1 0 
2 0 
1 0 
1 0 
1 0 
1 0 
1 0 
0 0.06696307169762608 
1 0 
2 0 
0 0 
0 0 
2 0 
2 0.0649783252649978 
1 0 
0 0 
1 0 
2 0 
2 0 
0 0 
0 0.38451807974352137 
0 0.38451807974352137 
2 0 
0 0 
0 0.38451807974352137 
0 0 
1 0 
0 0 
1 0 
1 0.18032276077864945 
1 0.18905965068143682 
1 0.18032276077864945 
1 0.18905965068143682 
1 0 
1 0 
2 0 
0 0.23645293438780757 
1 0 
0 0 
0 0 
0 0.15897449848370448 
0 0.23645293438780757 
1 0 
1 0 
1 0 
1 0 
1 0 
2 0 
1 0 
1 0 
1 0 
1 0 
2 0 
2 0 
2 0 
1 0 
2 0 
1 0 
0 0.08432728574980197 
1 0 
2 0 
0 0.1483666659198153 
1 0 
0 0.23055462466441068 
0 0 
1 0 
0 0 
0 0 
0 0 
0 0 
1 0 
1 0 
0 0.23055462466441068 
2 0 
0 0.09026111774097591 
1 0 
0 0.06670758876490922 
0 0.09026111774097591 
0 0 
0 0 
0 0 
0 0 
0 0 
1 0 
0 0.06670758876490922 
0 0.1483666659198153 
1 0 
1 0 
2 0 
1 0 
1 0 
2 0 
2 0 
2 0 
1 0 
1 0 
1 0 
2 0.0969518666267957 
1 0.09789454685362159 
1 0 
0 0 
0 0 
2 0 
2 0 
1 0 
1 0 
2 0 
1 0.17291561253006557 
1 0 
1 0 
1 0 
1 0 
1 0 
2 0 
2 0 
1 0 
1 0 
1 0 
1 0 
1 0 
1 0 
2 0 
0 0.08295067401138698 
0 0.08295067401138698 
0 0.07749743594545998 
1 0 
0 0.08295067401138698 
1 0 
1 0 
0 0.09397027964038762 
0 0.11555234053065802 
0 0 
1 0 
1 0.07749743594545998 
1 0.07062716848997158 
1 0 
2 0 
0 0.06610183900494739 
1 0 
0 0 
1 0 
0 0.09397027964038762 
1 0.10833639344095097 
1 0.15499487189091996 
0 0.16590134802277395 
0 0 
1 0 
0 0.16590134802277395 
0 0.0736283019632572 
1 0 
0 0.1053445706914177 
0 0 
1 0 
0 0 
0 0 
0 0.1053445706914177 
0 0 
0 0 
1 0 
0 0 
1 0 
2 0 
1 0 
2 0 
1 0 
1 0 
2 0 
1 0 
1 0 
0 0 
0 0 
0 0.2086815861412188 
0 0 
1 0.3130223792118282 
0 0 
1 0.3130223792118282 
2 0 
0 0 
2 0 
1 0 
0 0 
0 0 
0 0 
1 0 
1 0 
1 0 
1 0 
0 0 
0 0 
1 0 
0 0 
0 0 
0 0 
0 0 
1 0 
0 0 
0 0 
1 0 
1 0 
2 0 
2 0 
1 0 
1 0 
0 0 
1 0 
1 0 
2 0 
1 0 
2 0 
2 0 
1 0 
1 0 
2 0 
2 0 
1 0 
2 0 
1 0 
1 0 
1 0 
0 0 
0 0 
1 0 
0 0 
0 0 
1 0 
2 0 
1 0 
2 0 
1 0 
1 0 
1 0 
2 0 
2 0 
0 0 
1 0 
2 0 
1 0 
0 0 
1 0 
2 0 
2 0 
2 0 
2 0 
2 0 
1 0 
1 0 
0 0 
0 0.508673401662752 
1 0 
1 0 
1 0 
1 0 
1 0 
0 0 
0 0.508673401662752 
2 0 
0 0 
1 0 
0 0 
1 0 
0 0 
0 0.23761641983226617 
1 0 
2 0 
1 0 
1 0 
2 0 
2 0 
1 0 
2 0 
2 0 
0 0 
1 0 
1 0 
1 0 
2 0 
1 0 
1 0 
1 0 
1 0 
1 0 
0 0 
0 0 
0 0.10002052747274989 
1 0 
2 0 
0 0.33805357237408773 
2 0 
1 0 
1 0 
1 0 
1 0 
1 0 
1 0 
0 0.33805357237408773 
1 0 
0 0.33805357237408773 
1 0.09594363115692897 
1 0.07994856767015718 
0 0 
0 0 
2 0 
0 0 
1 0 
1 0 
1 0 
0 0 
2 0 
1 0 
1 0 
1 0 
1 0 
1 0 
2 0 
1 0 
1 0 
1 0 
1 0 
2 0 
2 0 
0 0 
0 0 
0 0 
0 0 
2 0 
0 0 
1 0 
0 0.0853469032381799 
0 0 
0 0.09364903490054777 
1 0 
0 0 
1 0 
0 0 
1 0 
1 0 
1 0 
1 0 
0 0 
0 0 
1 0 
2 0 
1 0 
1 0 
1 0 
1 0 
1 0.08524651187650083 
1 0 
1 0 
1 0 
1 0 
2 0 
1 0 
1 0 
1 0 
1 0 
1 0 
1 0 
1 0 
1 0 
1 0 
1 0 
2 0 
1 0 
0 0.10564538125516564 
2 0 
2 0 
0 0 
1 0.06420608291174859 
1 0.06420608291174859 
0 0 
0 0 
2 0.03750456066572247 
0 0 
0 0 
0 0 
0 0.28495156409791234 
1 0.2787563387655472 
0 0.17888132303155435 
0 0 
0 0 
0 0 
0 0.23994051197602467 
0 0 
0 0.051164625319236094 
0 0.06420608291174859 
0 0 
0 0.05699031281958247 
0 0.23994051197602467 
2 0 
2 0 
2 0 
1 0 
2 0 
0 0 
2 0 
1 0 
1 0 
2 0 
1 0 
2 0 
1 0 
1 0 
0 0.12764218613640932 
1 0 
1 0 
0 0.12764218613640932 
1 0.05911001838904792 
2 0 
1 0 
1 0 
1 0 
1 0.22838453391307498 
1 0 
0 0.07112345579186259 
0 0 
0 0 
0 0 
1 0 
0 0 
0 0 
0 0 
0 0 
0 0 
1 0.22838453391307498 
1 0 
1 0 
0 0 
0 0 
0 0.22838453391307498 
1 0 
1 0 
1 0 
1 0 
1 0 
1 0 
1 0 
1 0 
2 0 
1 0 
0 0 
0 0.39835407949275004 
0 0.39835407949275004 
1 0 
1 0 
0 0.1796691357880778 
0 0 
1 0 
0 0.04620031620570536 
0 0.1796691357880778 
0 0.0898345678940389 
0 0.39835407949275004 
0 0.39835407949275004 
1 0 
1 0.08191457057125316 
1 0.05658494590386977 
1 0 
2 0 
0 0 
1 0 
1 0 
2 0 
1 0 
0 0 
1 0.42595918031310376 
0 0.24766255538947823 
1 0.42595918031310376 
1 0.24766255538947823 
0 0.24766255538947823 
0 0 
1 0.42595918031310376 
2 0 
1 0 
2 0 
0 0 
0 0 
1 0 
0 0 
0 0 
0 0 
2 0 
1 0 
1 0 
2 0 
0 0 
1 0 
1 0 
2 0 
1 0 
0 0 
2 0 
1 0 
1 0 
1 0 
1 0 
2 0 
1 0 
2 0 
0 0 
1 0 
2 0 
0 0 
1 0 
0 0 
1 0.09204390226076152 
1 0.14557557637310253 
0 0.3029924562515792 
1 0 
1 0 
2 0 
0 0.1755828373914601 
0 0 
0 0.24160977551566912 
0 0 
0 0.1755828373914601 
1 0 
1 0 
0 0.24160977551566912 
0 0 
0 0 
0 0 
0 0.27377808945472604 
1 0 
0 0.21456624388403708 
1 0 
1 0 
0 0 
0 0.23163425893355236 
0 0.15353794085270198 
0 0.15353794085270198 
2 0 
0 0.15353794085270198 
0 0 
1 0.04838582485118003 
0 0 
2 0 
0 0 
1 0 
0 0 
1 0 
0 0 
0 0 
1 0 
0 0 
1 0.07721141964451746 
0 0 
0 0 
2 0 
0 0 
0 0 
0 0 
1 0 
1 0 
0 0 
1 0 
0 0 
0 0 
0 0 
1 0 
0 0 
0 0 
0 0 
0 0.11174004951410176 
0 0 
0 0 
0 0 
1 0 
0 0 
0 0 
0 0 
0 0 
0 0 
1 0 
1 0 
1 0 
2 0 
1 0 
1 0 
1 0 
1 0 
1 0 
2 0 
1 0 
2 0 
1 0 
1 0 
0 0 
0 0.29070074467836515 
0 0 
0 0 
0 0 
1 0.08842610966598165 
0 0 
0 0.0784883833858812 
1 0 
2 0 
0 0.17583879247704096 
1 0 
1 0 
2 0 
1 0 
1 0 
1 0 
0 0 
1 0 
1 0 
0 0 
2 0 
2 0 
1 0 
0 0 
1 0 
2 0 
1 0 
1 0 
1 0 
0 0 
1 0 
0 0.1837526076195338 
1 0 
1 0 
1 0 
2 0 
0 0.08583628830340323 
0 0.08155082910170035 
0 0.17167257660680646 
1 0.0918763038097669 
0 0 
1 0 
0 0 
0 0.5150177298204194 
0 0.5150177298204194 
0 0 
0 0.5150177298204194 
0 0.5150177298204194 
1 0 
2 0 
0 0 
0 0 
2 0 
0 0.07925541472904472 
1 0 
1 0 
1 0 
1 0 
1 0 
1 0 
1 0 
1 0 
0 0 
0 0 
1 0 
0 0 
0 0 
0 0.06748089266932797 
0 0 
0 0 
0 0.05857381057821013 
0 0 
0 0 
0 0 
2 0 
0 0 
2 0 
1 0 
1 0 
1 0 
0 0 
0 0 
0 0 
0 0 
0 0 
0 0 
0 0 
1 0 
2 0 
1 0.04933777756166513 
0 0 
0 0 
1 0 
0 0 
1 0 
0 0 
0 0 
0 0 
0 0.2110578455437192 
1 0 
1 0 
2 0 
2 0 
1 0 
1 0 
2 0 
0 0 
1 0 
1 0 
2 0 
1 0 
2 0 
2 0 
0 0 
1 0 
1 0 
1 0 
0 0 
0 0 
1 0 
0 0 
0 0 
0 0 
1 0 
0 0 
0 0 
0 0 
0 0 
0 0 
1 0 
0 0 
0 0 
1 0 
0 0 
0 0 
1 0 
0 0 
2 0 
1 0 
1 0 
2 0 
0 0 
2 0 
1 0 
1 0 
0 0 
0 0 
0 0 
1 0 
0 0 
1 0 
1 0 
1 0 
1 0 
1 0 
2 0 
2 0 
1 0 
2 0 
1 0 
2 0 
0 0 
1 0 
1 0 
1 0 
1 0 
0 0 
0 0 
0 0.08667715532583609 
0 0.3941181369724669 
0 0 
0 0 
0 0 
0 0 
0 0 
0 0.5889082261926177 
0 0 
0 0 
0 0 
0 0.1963027420642059 
0 0 
0 0 
0 0 
1 0 
0 0.5889082261926177 
2 0 
0 0 
0 0 
1 0 
2 0 
1 0 
1 0 
0 0 
0 0.5889082261926177 
0 0.5889082261926177 
0 0 
0 0.1963027420642059 
1 0.2594440742456826 
1 0 
0 0.5889082261926177 
1 0 
1 0 
2 0 
2 0 
0 0 
0 0 
0 0 
0 0.2761192398257752 
0 0 
1 0 
2 0 
1 0 
0 0.10531416611007655 
0 0.05929388419137183 
0 0.2761192398257752 
0 0.2761192398257752 
0 0.17907274618661645 
0 0 
0 0.2761192398257752 
2 0 
2 0 
1 0 
0 0 
0 0 
0 0 
0 0 
1 0 
1 0 
1 0 
1 0.16769102545926082 
0 0 
0 0 
0 0 
2 0 
0 0 
1 0 
1 0 
0 0 
0 0 
0 0 
0 0 
0 0 
0 0 
0 0 
0 0 
0 0.2208700320892293 
0 0 
0 0 
0 0 
1 0.11043501604461466 
1 0.11043501604461466 
0 0.11043501604461466 
0 0.11043501604461466 
0 0.2208700320892293 
0 0.09802382928840153 
0 0.14640291155195054 
0 0.2208700320892293 
0 0 
1 0 
0 0.10317493720278292 
0 0.11043501604461466 
0 0.11043501604461466 
0 0.07012438110462339 
1 0.11043501604461466 
0 0 
0 0 
0 0 
0 0 
2 0 
0 0 
1 0.10562908710794071 
2 0 
0 0 
0 0 
0 0 
0 0 
1 0 
1 0 
1 0 
1 0 
1 0 
1 0 
0 0 
0 0 
0 0 
0 0 
0 0 
0 0 
2 0 
1 0 
1 0.3220032863646811 
1 0 
0 0 
0 0 
1 0 
1 0.3220032863646811 
0 0 
0 0 
1 0.08441628150789224 
1 0 
1 0 
0 0 
1 0.24239707881145997 
2 0 
2 0 
1 0 
1 0 
1 0 
1 0 
2 0 
0 0 
1 0 
2 0 
1 0 
1 0 
1 0 
1 0 
1 0 
2 0 
1 0 
1 0 
0 0 
1 0 
1 0 
1 0 
1 0 
1 0 
0 0.28003165820415415 
0 0.28003165820415415 
1 0 
0 0 
0 0.28003165820415415 
1 0 
2 0 
0 0.09334388606805138 
0 0.076359457274023 
0 0 
0 0 
1 0.10242392532678518 
1 0.1946206248044117 
1 0 
0 0 
1 0 
0 0 
0 0 
1 0 
0 0 
0 0 
0 0 
0 0 
0 0 
1 0 
1 0 
1 0 
1 0 
0 0 
0 0 
0 0 
0 0 
0 0 
0 0 
0 0 
0 0 
0 0.0829059743185691 
0 0 
0 0 
2 0 
0 0 
0 0 
1 0.2044149790463297 
0 0 
0 0 
0 0 
0 0 
0 0 
1 0 
0 0 
0 0 
1 0 
1 0 
1 0 
0 0 
0 0.14717725164831572 
0 0.0829059743185691 
1 0 
1 0 
1 0 
2 0 
1 0 
0 0 
1 0 
1 0 
2 0 
2 0 
1 0 
1 0 
1 0 
2 0 
0 0.18559487890283383 
1 0 
1 0 
1 0 
1 0 
0 0.06977776915275272 
1 0 
1 0 
0 0 
0 0 
1 0 
1 0 
1 0 
1 0 
1 0 
0 0.09900031395076864 
0 0.08195306573919446 
0 0 
0 0.0551798582684147 
0 0 
0 0.08195306573919446 
0 0 
0 0.5091996659559668 
0 0.5091996659559668 
0 0 
0 0.09900031395076864 
0 0.08195306573919446 
2 0 
0 0 
0 0 
0 0 
0 0 
0 0.053784184759260036 
0 0 
0 0 
1 0.3677400441963135 
0 0 
0 0 
0 0.07518257790242308 
0 0 
1 0 
1 0 
1 0 
1 0 
1 0 
1 0 
0 0.253327104929632 
0 0.13557644741985408 
0 0 
0 0 
0 0 
1 0 
1 0.11142685790054901 
0 0.08608876793063497 
0 0.08188901011714221 
0 0.3241149975097133 
0 0.3241149975097133 
0 0.3241149975097133 
1 0.2656011573875961 
0 0.12033975285558708 
1 0.2656011573875961 
0 0 
1 0 
0 0 
1 0 
1 0 
1 0 
1 0 
0 0 
0 0 
0 0 
1 0 
0 0 
1 0 
1 0 
1 0.27373819094615226 
1 0 
1 0 
1 0 
1 0.41060728641922833 
1 0.41060728641922833 
1 0.41060728641922833 
1 0 
1 0 
1 0 
1 0.41060728641922833 
2 0 
1 0 
1 0 
1 0 
1 0 
1 0 
1 0 
2 0 
1 0 
1 0 
0 0 
2 0 
1 0 
1 0 
0 0.08131475855994301 
0 0.10498795230889464 
2 0 
1 0 
0 0 
0 0 
1 0 
1 0 
1 0 
0 0 
0 0 
0 0 
0 0.1612941685987435 
1 0 
1 0.07662070109557298 
0 0 
1 0 
1 0 
0 0 
2 0 
0 0.08064708429937174 
1 0 
0 0.05636969886765729 
1 0 
0 0.08064708429937174 
0 0 
0 0 
0 0 
0 0 
0 0 
0 0 
1 0 
2 0 
0 0 
1 0 
0 0 
0 0 
1 0 
1 0 
1 0 
1 0 
1 0 
2 0 
1 0 
1 0 
2 0 
1 0 
1 0 
1 0 
1 0 
1 0 
1 0 
1 0 
1 0 
2 0 
0 0.0709256079011051 
0 0.15183281635806645 
1 0 
1 0 
1 0 
1 0 
0 0 
1 0 
1 0 
1 0 
1 0 
1 0 
1 0 
1 0 
1 0 
0 0 
1 0 
1 0 
1 0 
2 0 
1 0 
1 0 
1 0 
2 0 
1 0 
1 0 
0 0 
2 0 
1 0 
0 0 
0 0 
1 0 
0 0 
2 0 
1 0 
1 0 
1 0 
2 0 
2 0 
0 0 
0 0 
1 0 
0 0 
1 0 
1 0 
1 0.09050462678009281 
0 0.10279668035849769 
0 0 
1 0 
0 0 
2 0 
1 0 
1 0 
1 0 
1 0.11685327003852757 
1 0 
0 0 
2 0 
1 0 
2 0 
1 0 
1 0 
2 0 
1 0 
1 0 
1 0 
1 0 
1 0 
2 0 
1 0 
1 0 
1 0 
1 0.12341905796509209 
1 0 
0 0 
1 0 
1 0 
1 0 
0 0 
0 0.1427710205473784 
0 0 
0 0 
2 0 
1 0 
2 0 
0 0.4871650181285245 
0 0 
0 0 
0 0 
0 0 
0 0.13620502518762806 
0 0.09256856726446053 
0 0.4871650181285245 
0 0.1427710205473784 
0 0.06810251259381403 
0 0 
1 0 
0 0 
0 0 
0 0 
0 0 
1 0 
2 0 
2 0 
0 0 
0 0 
0 0 
0 0 
1 0 
1 0 
0 0 
1 0 
0 0 
0 0 
2 0 
0 0 
