2 0 0 0 0 0 0 0 0 0 0 0 0 24 24 0 0 
0 0 0 0 0 1 0 0 1 0 0 0 0 13 13 1 0 
2 0 0 0 0 0 0 0 0 0 0 0 0 17 17 1 0 
1 0.07990120663749638 0 0.07990120663749638 0 0 0 0 0 0 0 0 0 9 9 1 0 
2 0 0 0 0 0 0 1 0 0 0 1 0 21 21 0 0 
1 0 0 0 0 0 0 0 0 0 0 0 0 21 21 1 0 
2 0 0 0 0 0 0 0 0 0 0 1 0 25 25 0 0 
1 0 0 0 0 0 0 0 1 0 0 0 0 9 9 1 0 
2 0 0 0 0 0 0 1 0 0 0 0 0 14 14 0 0 
0 0 0 0 0 1 0 0 1 0 0 0 0 34 34 1 0 
2 0.5346640985781197 0 0.5346640985781197 0 0 0 0 0 0 0 0 0 5 5 0 0 
1 0.5346640985781197 0 0.5346640985781197 0 0 0 0 0 0 0 0 0 5 5 1 0 
2 0 0 0 0 0 0 0 0 0 0 0 0 19 19 0 0 
1 0.09309593126540451 0 0.09309593126540451 0 0 0 0 0 0 0 0 0 5 5 1 0 
2 0 0 0 1 0 0 1 0 0 0 0 0 6 6 1 0 
0 0 0 0 0 1 0 1 1 1 0 0 0 27 27 1 0 
2 0 0 0 0 0 0 0 0 0 0 0 0 35 35 0 0 
1 0 0 0 0 0 0 1 0 0 0 0 0 14 14 1 0 
2 0 0 0 0 0 0 0 0 0 0 0 0 17 17 0 0 
1 0 0 0 0 0 0 0 0 0 0 0 0 26 26 1 0 
2 0 0 0 0 0 0 1 0 0 0 0 0 53 53 0 0 
1 0 0 0 0 0 0 0 0 0 0 0 0 18 18 1 0 
2 0 0 0 0 0 0 0 0 0 0 0 0 30 30 0 0 
1 0 0 0 1 0 0 1 1 1 0 0 0 6 6 1 0 
2 0 0 0 0 0 0 0 0 0 0 0 0 30 30 0 0 
1 0 0 0 1 0 0 1 1 1 0 0 0 3 3 1 0 
2 0 0 0 0 0 0 0 0 0 0 0 0 17 17 0 0 
1 0 0 0 0 0 0 1 1 1 0 0 0 26 26 0 0 
2 0 0 0 0 0 0 0 0 0 0 0 0 22 22 0 0 
1 0 0 0 0 0 0 0 1 0 0 1 0 21 21 1 0 
2 0 0 0 0 0 0 1 0 0 1 0 0 8 8 0 0 
1 0 0 0 0 0 0 0 0 0 0 1 0 1 1 1 0 
2 0 0 0 0 0 0 0 1 0 0 0 0 17 17 0 0 
1 0 0.07663984249097708 0.07663984249097708 1 0 0 1 0 0 0 0 0 7 7 1 0 
2 0 0 0 0 0 0 0 1 0 0 1 0 21 21 0 0 
1 0 0 0 0 0 0 1 0 0 1 0 0 9 9 1 0 
2 0 0 0 0 0 0 1 0 0 1 0 0 25 25 0 0 
1 0 0 0 0 0 0 0 1 0 1 1 1 17 17 1 0 
2 0 0 0 0 0 0 0 1 0 0 1 0 21 21 0 0 
1 0 0 0 0 0 0 0 1 0 1 1 1 17 17 1 0 
2 0 0 0 0 0 0 0 0 0 0 0 0 21 21 1 0 
1 0 0 0 0 0 0 1 1 1 0 0 0 40 40 1 0 
2 0 0 0 0 0 0 1 0 0 0 0 0 24 24 0 0 
1 0 0 0 0 0 0 0 0 0 1 0 0 7 7 1 0 
2 0 0 0 0 0 0 0 1 0 0 0 0 22 22 1 0 
1 0 0 0 0 0 0 0 0 0 1 0 0 8 8 1 0 
2 0 0.05676782339595882 0.05676782339595882 0 0 0 0 0 0 0 0 0 17 17 1 0 
1 0 0 0 0 0 0 0 0 0 1 0 0 7 7 1 0 
2 0 0 0 0 0 0 0 1 0 0 0 0 22 22 1 0 
1 0 0 0 0 0 0 0 0 0 1 0 0 8 8 1 0 
2 0 0 0 0 0 0 0 1 0 0 0 0 22 22 1 0 
0 0 0 0 0 1 0 0 1 0 0 1 0 9 9 1 0 
2 0 0 0 0 0 0 0 1 0 0 0 0 10 10 1 0 
0 0 0 0 0 1 0 0 1 0 0 0 0 21 21 1 0 
2 0 0 0 0 0 0 0 1 0 0 0 0 21 21 0 0 
0 0 0 0 0 1 0 0 1 0 0 0 0 33 33 1 0 
2 0 0 0 0 0 0 1 1 1 0 0 0 49 49 0 0 
0 0 0 0 0 1 0 0 1 0 0 0 0 38 38 1 0 
2 0 0 0 0 0 0 0 1 0 0 0 0 21 21 0 0 
0 0.15307543744387123 0.0618555277546012 0.21493096519847243 0 0 0 0 0 0 0 0 0 8 8 1 0.823749016445 
2 0 0 0 0 0 0 0 1 0 0 0 0 70 70 0 0 
1 0 0 0 0 0 0 1 0 0 0 0 0 71 71 1 0 
2 0 0 0 0 0 0 1 0 0 0 0 0 71 71 0 0 
0 0 0 0 0 1 0 1 1 1 0 0 0 8 8 1 0 
2 0 0 0 0 0 0 0 1 0 0 0 0 70 70 0 0 
0 0 0 0 1 0 0 1 1 1 0 0 0 2 2 1 0 
2 0 0 0 0 0 0 1 0 0 0 0 0 71 71 0 0 
1 0 0 0 0 0 0 0 0 0 0 0 0 15 15 1 0 
2 0 0 0 0 0 0 0 0 0 0 0 0 17 17 0 0 
0 0 0 0 0 1 0 0 1 0 0 0 0 18 18 1 0 
2 0 0 0 0 0 0 0 0 0 0 0 0 20 20 1 0 
0 0 0 0 0 0 0 0 1 0 0 0 0 31 31 1 0 
2 0 0.3417876483048407 0.3417876483048407 0 0 0 0 0 0 0 0 0 31 31 0 0 
0 0 0 0 0 0 0 0 1 0 0 0 0 22 22 1 0 
2 0 0 0 0 0 0 0 1 0 0 0 0 31 31 0 0 
0 0 0 0 0 0 0 0 1 0 0 0 0 27 27 1 0 
2 0 0.24556632459341363 0.24556632459341363 0 0 0 0 0 0 0 0 0 16 16 1 0 
0 0 0 0 1 0 0 1 0 0 0 0 0 4 4 1 0 
2 0 0.24556632459341363 0.24556632459341363 0 0 0 0 0 0 0 0 0 22 22 0 0 
1 0.13207698239879043 0 0.13207698239879043 0 0 0 0 0 0 0 0 0 7 7 1 0 
2 0 0.24556632459341363 0.24556632459341363 0 0 0 0 0 0 0 0 0 19 19 0 0 
1 0 0 0 0 0 0 0 0 0 0 0 0 8 8 1 0 
2 0 0.24556632459341363 0.24556632459341363 0 0 0 0 0 0 0 0 0 19 19 0 0 
0 0 0 0 0 0 0 0 0 0 0 0 0 8 8 1 0 
2 0 0.24556632459341363 0.24556632459341363 0 0 0 0 0 0 0 0 0 19 19 0 0 
1 0 0 0 0 0 0 0 0 0 0 0 0 15 15 1 0 
2 0 0 0 0 0 0 1 0 0 0 0 0 42 42 1 0 
1 0 0.1314605625606133 0.1314605625606133 0 0 0 0 0 0 0 0 0 13 13 1 0 
2 0 0 0 0 0 0 1 0 0 0 0 0 64 64 0 0 
1 0 0.1314605625606133 0.1314605625606133 0 0 0 0 0 0 0 0 0 18 18 1 0 
2 0.4970666813270917 0 0.4970666813270917 0 0 0 0 0 0 0 0 0 8 8 1 0 
0 0 0 0 0 1 0 0 1 0 0 0 0 50 50 1 0 
2 0 0.08266434852595474 0.08266434852595474 0 0 0 0 0 0 0 0 0 16 16 1 0 
0 0 0 0 0 1 0 0 1 0 0 0 0 19 19 1 0 
2 0 0 0 0 0 0 0 0 0 0 0 0 11 11 0 0 
1 0 0 0 0 0 0 1 0 0 1 0 0 12 12 0 0 
2 0 0 0 0 0 0 0 0 0 0 0 0 21 21 0 0 
0 0 0 0 0 0 0 0 0 0 0 0 0 1 1 1 0 
2 0 0 0 0 0 0 0 0 0 0 0 0 23 23 0 0 
0 0 0 0 0 0 0 0 0 0 1 0 0 18 18 1 0 
2 0 0 0 0 0 0 1 0 0 0 0 0 10 10 0 0 
1 0 0 0 0 0 0 1 0 0 1 0 0 28 28 1 0 
2 0 0 0 0 0 0 0 0 0 0 0 0 19 19 0 0 
1 0 0 0 0 0 0 0 0 0 1 0 0 26 26 1 0 
2 0 0 0 0 0 0 1 0 0 0 0 0 26 26 0 0 
1 0 0 0 0 0 0 0 0 0 1 0 0 30 30 1 0 
2 0 0 0 0 0 0 0 0 0 0 0 0 21 21 0 0 
0 0 0 0 0 0 0 0 1 0 0 1 0 11 11 1 0 
2 0 0 0 0 0 0 1 0 0 0 0 0 10 10 0 0 
0 0.1327679748125974 0 0.1327679748125974 0 0 0 0 0 0 0 0 0 2 2 1 0 
2 0 0 0 0 0 0 1 0 0 0 0 0 25 25 1 0 
0 0 0 0 0 1 0 1 1 1 0 0 0 23 23 1 0 
2 0.0707015068826077 0 0.0707015068826077 0 0 0 0 0 0 0 0 0 8 8 0 0 
0 0 0 0 1 0 0 1 1 1 0 0 0 3 3 1 0 
2 0 0 0 0 0 0 0 0 0 0 0 0 29 29 0 0 
1 0 0 0 0 0 0 1 0 0 0 0 0 20 20 1 0 
2 0.06572647585162013 0 0.06572647585162013 0 0 0 0 0 0 0 0 0 9 9 0 0 
1 0 0 0 0 0 0 0 1 0 0 0 0 25 25 1 0 
2 0 0 0 0 0 0 1 0 0 0 0 0 10 10 0 0 
1 0 0 0 0 0 0 0 0 0 1 0 0 7 7 1 0 
2 0 0 0 0 0 0 0 0 0 0 0 0 17 17 0 0 
0 0 0 0 0 1 0 0 1 0 0 0 0 16 16 1 0 
2 0 0 0 0 0 0 1 0 0 0 0 0 5 5 1 0 
0 0 0 0 0 1 0 0 1 0 0 0 0 13 13 1 0 
2 0 0 0 1 0 0 1 0 0 0 0 0 2 2 1 0 
0 0 0 0 0 1 0 0 1 0 0 0 0 19 19 1 0 
2 0 0 0 0 0 0 0 0 0 0 0 0 37 37 0 0 
1 0 0 0 0 0 0 0 0 0 0 0 0 16 16 1 0 
2 0 0 0 0 0 0 0 0 0 0 0 0 37 37 0 0 
1 0 0 0 0 0 0 0 0 0 0 0 0 129 129 0 0 
2 0 0 0 0 0 0 0 0 0 0 0 0 22 22 1 0 
1 0 0.08905723557832808 0.08905723557832808 0 0 0 0 0 0 0 0 0 15 15 1 0 
2 0 0 0 0 0 0 0 0 0 0 0 0 37 37 0 0 
1 0 0.08905723557832808 0.08905723557832808 0 0 0 0 0 0 0 0 0 18 18 1 0 
2 0 0 0 0 0 0 1 0 0 0 0 0 23 23 0 0 
1 0 0.08905723557832808 0.08905723557832808 0 0 0 0 0 0 0 0 0 27 27 1 0 
2 0 0 0 0 0 0 0 0 0 0 0 0 37 37 0 0 
1 0 0.08905723557832808 0.08905723557832808 0 0 0 0 0 0 0 0 0 18 18 1 0 
2 0 0 0 0 0 0 0 1 0 0 1 0 29 29 1 0 
0 0 0.21601266017748655 0.21601266017748655 0 0 0 1 0 0 0 0 0 2 2 1 0 
2 0 0 0 0 0 0 1 1 1 1 1 1 24 24 0 0 
0 0 0 0 1 0 0 1 0 0 1 0 0 3 3 1 0 
2 0.0780086024902135 0 0.0780086024902135 0 0 0 0 0 0 0 0 0 7 7 0 0 
0 0 0 0 0 0 0 1 1 1 0 0 0 9 9 1 0 
2 0 0 0 0 0 0 0 1 0 0 0 0 17 17 0 0 
0 0 0 0 0 1 0 1 1 1 0 0 0 27 27 1 0 
2 0 0 0 1 0 0 1 0 0 0 0 0 3 3 0 0 
1 0 0 0 0 0 0 0 0 0 0 0 0 17 17 1 0 
2 0 0 0 0 0 0 0 1 0 0 0 0 17 17 0 0 
1 0 0 0 0 0 0 0 0 0 0 0 0 9 9 1 0 
2 0 0 0 0 0 0 0 1 0 0 0 0 17 17 0 0 
1 0 0 0 0 0 0 1 0 0 0 0 0 24 24 1 0 
2 0 0 0 0 0 0 0 1 0 0 0 0 17 17 0 0 
1 0 0 0 0 0 0 1 0 0 0 0 0 12 12 1 0 
2 0.07810870185698059 0 0.07810870185698059 0 0 0 0 0 0 0 0 0 13 13 1 0 
1 0 0 0 1 0 0 1 1 1 0 0 0 3 3 1 0 
2 0.07810870185698059 0 0.07810870185698059 0 0 0 0 0 0 0 0 0 13 13 1 0 
1 0 0 0 0 0 0 1 1 1 0 0 0 6 6 1 0 
2 0 0 0 0 0 0 0 0 0 0 0 0 30 30 1 0 
1 0 0 0 1 0 0 1 1 1 1 0 0 3 3 1 0 
2 0.07810870185698059 0 0.07810870185698059 0 0 0 0 0 0 0 0 0 13 13 1 0 
1 0 0 0 0 0 0 1 0 0 0 0 0 14 14 1 0 
2 0 0 0 0 0 0 0 0 0 0 0 0 13 13 0 0 
0 0 0 0 0 0 0 1 0 0 0 0 0 14 14 1 0 
2 0.07610624280834999 0 0.07610624280834999 0 0 0 0 0 0 0 0 0 7 7 1 0 
1 0 0 0 0 0 0 0 0 0 0 0 0 25 25 1 0 
2 0 0.09559698576460002 0.09559698576460002 0 0 0 0 0 0 0 0 0 25 25 0 0 
1 0 0 0 0 0 0 0 0 0 0 0 0 25 25 1 0 
2 0 0 0 0 0 0 1 0 0 0 0 0 25 25 1 0 
1 0 0 0 0 0 0 0 1 0 0 0 0 27 27 0 0 
2 0.07610624280834999 0 0.07610624280834999 0 0 0 0 0 0 0 0 0 7 7 1 0 
1 0.07201895668435225 0 0.07201895668435225 0 0 0 0 1 0 0 0 0 10 10 0 0 
2 0.0818669490491378 0 0.0818669490491378 0 0 0 0 0 0 0 0 0 9 9 1 0 
1 0.07610624280834999 0 0.07610624280834999 0 0 0 0 1 0 0 0 0 8 8 0 0 
2 0 0 0 1 0 0 1 0 0 0 0 0 7 7 0 0 
1 0 0 0 0 0 0 1 1 1 0 0 0 29 29 1 0 
2 0 0 0 0 0 0 0 0 0 0 0 0 17 17 0 0 
0 0 0.06766287752690715 0.06766287752690715 0 0 0 0 0 0 0 0 0 19 19 1 0 
2 0 0 0 0 0 0 0 0 0 0 0 0 16 16 0 0 
0 0 0 0 0 0 0 0 0 0 0 0 0 16 16 1 0 
2 0 0 0 0 0 0 0 0 0 0 0 0 16 16 0 0 
1 0 0 0 0 0 0 0 0 0 0 0 0 17 17 1 0 
2 0 0 0 0 0 0 0 0 0 0 0 0 17 17 0 0 
0 0 0 0 0 0 0 1 0 0 0 0 0 46 46 1 0 
2 0 0 0 0 0 0 0 0 0 0 0 0 35 35 0 0 
1 0 0 0 0 0 0 0 1 0 0 0 0 16 16 1 0 
2 0 0 0 0 1 0 0 1 0 0 0 0 19 19 0 0 
0 0 0 0 1 0 0 1 1 1 0 0 0 6 6 1 0 
2 0 0 0 0 0 0 0 0 0 0 0 0 22 22 1 0 
0 0 0 0 0 1 0 1 1 1 0 0 0 27 27 1 0 
2 0 0.0638202407391202 0.0638202407391202 0 0 0 0 0 0 0 0 0 59 59 0 0 
0 0 0 0 0 0 0 1 0 0 0 0 0 31 31 1 0 
2 0 0 0 0 0 0 1 0 0 0 0 0 31 31 1 0 
0 0 0 0 0 0 0 1 0 0 1 0 0 24 24 0 0 
2 0 0 0 0 0 0 1 0 0 0 0 0 5 5 1 0 
0 0 0 0 0 0 0 0 1 0 0 0 0 13 13 1 0 
2 0 0 0 0 0 0 1 1 1 0 0 0 5 5 1 0 
0 0 0 0 0 0 0 0 1 0 0 0 0 37 37 1 0 
2 0 0 0 0 0 0 0 1 0 0 0 0 73 73 0 0 
0 0 0 0 0 1 0 0 1 0 0 0 0 23 23 1 0 
2 0 0 0 0 0 0 0 1 0 0 0 0 39 39 1 0 
0 0 0 0 0 0 0 0 1 0 0 0 0 15 15 1 0 
2 0 0 0 0 0 0 0 1 0 0 0 0 27 27 1 0 
1 0 0 0 0 0 0 1 1 1 0 0 0 29 29 1 0 
2 0 0 0 0 0 0 0 1 0 0 0 0 13 13 1 0 
0 0 0 0 0 1 0 0 1 0 0 0 0 10 10 1 0 
2 0 0 0 0 0 0 0 0 0 0 0 0 10 10 1 0 
1 0 0 0 0 0 0 1 0 0 0 0 0 8 8 1 0 
2 0 0 0 1 0 0 1 0 0 0 0 0 2 2 1 0 
1 0 0.22453459743924373 0.22453459743924373 0 0 0 1 0 0 0 0 0 7 7 1 0 
2 0 0 0 0 0 0 1 0 0 0 0 0 9 9 0 0 
1 0 0 0 0 0 0 1 1 1 1 0 0 10 10 1 0 
2 0 0 0 0 0 0 1 0 0 0 0 0 23 23 0 0 
1 0 0 0 0 0 0 1 1 1 0 0 0 9 9 1 0 
2 0 0 0 0 0 0 0 1 0 0 0 0 16 16 0 0 
1 0 0 0 0 0 0 0 0 0 0 0 0 23 23 0 0 
2 0 0 0 0 0 0 1 0 0 0 0 0 14 14 0 0 
1 0 0 0 0 0 0 0 0 0 0 0 0 17 17 0 0 
2 0 0 0 0 0 0 1 0 0 0 0 0 14 14 0 0 
1 0 0 0 0 0 0 0 0 0 0 0 0 29 29 0 0 
2 0.06923634864142786 0 0.06923634864142786 0 0 0 0 1 0 0 0 0 6 6 0 0 
1 0 0 0 0 0 0 0 0 0 0 0 0 16 16 0 0 
2 0 0 0 0 0 0 0 0 0 0 0 0 29 29 0 0 
1 0 0 0 0 0 0 0 0 0 0 0 0 25 25 1 0 
2 0 0 0 0 0 0 0 0 0 0 0 0 62 62 0 0 
0 0 0 0 0 0 0 0 0 0 0 0 0 55 55 1 0 
2 0 0 0 1 0 0 1 0 0 0 0 0 3 3 0 0 
1 0 0 0 0 0 0 0 0 0 0 0 0 2 2 1 0 
2 0 0 0 0 0 0 0 1 0 0 1 0 55 55 0 0 
1 0 0 0 0 0 0 0 0 0 0 0 0 1 1 1 0 
2 0 0 0 0 0 0 1 0 0 0 0 0 20 20 1 0 
1 0 0 0 1 0 0 1 0 0 0 0 0 2 2 1 0 
2 0 0 0 0 0 0 0 0 0 0 0 0 21 21 0 0 
1 0 0 0 0 0 0 0 0 0 0 0 0 2 2 1 0 
2 0 0 0 0 0 0 0 1 0 0 1 0 12 12 0 0 
1 0 0 0 0 1 0 1 1 1 0 1 0 47 47 1 0 
2 0 0 0 0 0 0 1 1 1 1 0 0 23 23 0 0 
1 0 0 0 0 0 0 0 0 0 0 0 0 14 14 1 0 
2 0 0 0 0 0 0 1 1 1 0 0 0 11 11 1 0 
1 0 0 0 0 0 0 1 0 0 0 0 0 2 2 1 0 
2 0 0 0 0 0 0 1 1 1 1 0 0 23 23 0 0 
1 0 0 0 0 0 0 1 0 0 0 0 0 2 2 1 0 
2 0 0 0 1 0 0 1 1 1 1 1 1 8 8 0 0 
1 0 0 0 0 0 0 1 0 0 0 0 0 2 2 1 0 
2 0 0 0 0 0 0 1 1 1 0 0 0 11 11 1 0 
1 0 0 0 0 0 0 1 0 0 0 0 0 2 2 1 0 
2 0 0 0 0 0 0 0 1 0 0 1 0 12 12 0 0 
1 0 0 0 0 0 0 1 0 0 0 0 0 2 2 1 0 
2 0 0 0 0 0 0 0 1 0 0 0 0 14 14 0 0 
1 0 0 0 0 0 0 1 0 0 0 0 0 2 2 1 0 
2 0.17001868314962476 0 0.17001868314962476 0 0 0 0 0 0 0 0 0 7 7 0 0 
0 0 0 0 0 1 0 0 1 0 0 0 0 41 41 1 0 
2 0.17001868314962476 0 0.17001868314962476 0 0 0 0 0 0 0 0 0 7 7 0 0 
0 0 0 0 0 1 0 0 1 0 0 0 0 21 21 1 0 
2 0 0 0 0 0 0 0 0 0 0 0 0 41 41 0 0 
0 0 0 0 0 1 0 1 1 1 0 0 0 12 12 1 0 
2 0.16061324638580318 0 0.16061324638580318 0 1 0 0 1 0 0 0 0 14 14 0 0 
0 0 0 0 0 1 0 0 1 0 0 0 0 29 29 1 0 
2 0 0 0 0 1 0 0 1 0 0 0 0 21 21 0 0 
1 0 0 0 1 0 0 1 0 0 0 0 0 3 3 1 0 
2 0 0 0 0 1 0 0 1 0 0 0 0 21 21 0 0 
1 0 0 0 1 0 0 1 0 0 0 0 0 3 3 1 0 
2 0 0 0 0 0 0 0 0 0 0 0 0 10 10 0 0 
0 0 0 0 0 1 0 0 1 0 0 0 0 24 24 1 0 
2 0 0.1485526591181664 0.1485526591181664 0 0 0 0 0 0 0 0 0 25 25 0 0 
0 0 0 0 0 1 0 1 1 1 0 0 0 32 32 1 0 
2 0.06377113673689491 0 0.06377113673689491 0 0 0 0 1 0 0 0 0 6 6 0 0 
1 0 0 0 0 0 0 1 0 0 0 0 0 11 11 1 0 
2 0 0 0 0 0 0 0 0 0 0 0 0 62 62 1 0 
1 0.09977927871828224 0 0.09977927871828224 0 0 0 0 1 0 0 0 0 19 19 1 0 
2 0 0 0 0 0 0 0 0 0 0 0 0 62 62 1 0 
1 0 0 0 0 0 0 0 1 0 0 0 0 17 17 1 0 
2 0 0 0 0 0 0 0 1 0 0 0 0 21 21 0 0 
1 0 0 0 0 0 0 0 1 0 0 0 0 12 12 1 0 
2 0 0 0 1 0 0 1 0 0 0 0 0 3 3 0 0 
1 0 0.13028122099862027 0.13028122099862027 0 0 0 1 0 0 0 0 0 5 5 1 0 
2 0 0.2840853719646962 0.2840853719646962 0 0 0 1 0 0 0 0 0 25 25 1 0 
0 0 0 0 0 1 0 1 1 1 0 0 0 27 27 1 0 
2 0 0 0 0 0 0 0 1 0 0 0 0 22 22 0 0 
1 0 0 0 0 0 0 0 1 0 0 0 0 34 34 1 0 
2 0.2840853719646962 0 0.2840853719646962 0 1 0 0 1 0 0 0 0 5 5 0 0 
0 0 0 0 0 1 0 1 1 1 0 0 0 25 25 1 0 
2 0 0.2840853719646962 0.2840853719646962 0 0 0 0 0 0 0 0 0 34 34 1 0 
1 0 0 0 0 0 0 0 0 0 0 0 0 18 18 0 0 
2 0.2840853719646962 0 0.2840853719646962 0 1 0 0 1 0 0 0 0 5 5 0 0 
1 0 0 0 0 0 0 0 0 0 0 0 0 15 15 0 0 
2 0 0 0 0 0 0 1 0 0 0 0 0 20 20 1 0 
0 0 0 0 0 0 0 1 0 0 0 0 0 21 21 1 0 
2 0 0 0 0 0 0 0 0 0 0 0 0 29 29 0 0 
0 0 0 0 0 1 0 1 1 1 0 0 0 24 24 1 0 
2 0 0 0 0 0 0 0 0 0 0 0 0 18 18 0 0 
1 0.05699427898023913 0.05699427898023913 0.11398855796047826 0 0 0 0 0 0 0 0 0 8 8 1 0 
2 0 0 0 0 0 0 0 0 0 0 0 0 17 17 1 0 
0 0 0 0 0 1 0 0 1 0 0 0 0 15 15 1 0 
2 0 0 0 0 0 0 0 0 0 0 0 0 12 12 0 0 
0 0 0 0 0 1 0 0 1 0 0 0 0 26 26 1 0 
2 0 0 0 0 0 0 0 1 0 0 0 0 19 19 1 0 
0 0 0 0 0 0 0 1 1 1 0 0 0 21 21 1 0 
2 0 0 0 0 0 0 1 0 0 0 0 0 3 3 1 0 
1 0 0 0 0 0 0 1 0 0 1 0 0 6 6 1 0 
2 0 0 0 0 0 0 1 0 0 0 0 0 3 3 1 0 
1 0 0 0 0 0 0 1 0 0 1 0 0 6 6 1 0 
2 0 0 0 0 0 0 1 1 1 1 0 0 6 6 1 0 
1 0 0 0 0 0 0 1 0 0 1 0 0 6 6 1 0 
2 0 0 0 0 0 0 0 0 0 0 0 0 20 20 1 0 
1 0 0 0 0 0 0 0 0 0 1 0 0 14 14 1 0 
2 0 0 0 0 0 0 1 1 1 1 0 0 6 6 1 0 
0 0 0 0 0 1 0 0 1 0 0 0 0 15 15 1 0 
2 0 0 0 0 0 0 0 1 0 0 0 0 19 19 1 0 
1 0 0 0 0 0 0 1 0 0 0 0 0 10 10 1 0 
2 0 0 0 0 0 0 1 1 1 1 0 0 6 6 1 0 
1 0 0 0 0 0 0 1 0 0 0 0 0 16 16 1 0 
2 0 0 0 0 0 0 0 0 0 0 0 0 21 21 0 0 
1 0 0 0 0 0 0 0 0 0 0 0 0 27 27 1 0 
2 0 0 0 0 0 0 1 0 0 0 0 0 21 21 1 0 
1 0 0 0 0 0 0 1 0 0 0 0 0 35 35 1 0 
2 0 0 0 0 0 0 0 0 0 0 0 0 15 15 1 0 
1 0 0 0 0 0 0 0 0 0 0 0 0 7 7 1 0 
2 0 0 0 0 0 0 0 0 0 0 0 0 46 46 1 0 
1 0 0 0 0 0 0 0 0 0 0 0 0 23 23 1 0 
2 0 0 0 0 0 0 0 0 0 0 0 0 79 79 0 0 
1 0 0 0 0 0 0 0 0 0 0 0 0 15 15 1 0 
2 0 0 0 0 0 0 0 1 0 0 0 0 20 20 1 0 
1 0 0 0 0 0 0 1 1 1 0 0 0 15 15 1 0 
2 0 0 0 0 0 0 1 1 1 0 0 0 39 39 0 0 
0 0 0 0 0 0 0 1 0 0 0 0 0 27 27 1 0 
2 0 0 0 0 0 0 1 0 0 0 1 0 65 65 1 0 
0 0 0 0 0 0 0 1 0 0 0 0 0 22 22 1 0 
2 0 0 0 0 0 0 0 0 0 0 0 0 30 30 0 0 
1 0 0.0709884050846776 0.0709884050846776 0 0 0 1 0 0 0 0 0 34 34 1 0 
2 0 0 0 0 0 0 1 0 0 0 0 0 34 34 1 0 
1 0 0 0 0 0 0 0 0 0 0 0 0 29 29 1 0 
2 0 0 0 0 0 0 0 0 0 0 0 0 13 13 0 0 
1 0 0 0 0 0 0 0 0 0 0 0 0 18 18 1 0 
2 0 0 0 0 0 0 0 0 0 0 0 0 18 18 0 0 
1 0 0 0 0 0 0 0 0 0 0 0 0 21 21 1 0 
2 0 0 0 0 0 0 0 0 0 0 0 0 29 29 0 0 
1 0 0 0 0 0 0 0 0 0 0 0 0 13 13 1 0 
2 0 0 0 0 0 0 1 0 0 0 0 0 8 8 0 0 
1 0 0 0 0 0 0 1 0 0 0 0 0 8 8 1 0 
2 0 0 0 0 0 0 0 0 0 0 0 0 112 112 0 0 
1 0 0.10080964727404508 0.10080964727404508 1 0 0 1 0 0 1 0 0 9 9 1 0 
2 0 0 0 0 0 0 0 0 0 0 0 0 22 22 0 0 
1 0 0.10080964727404508 0.10080964727404508 1 0 0 1 0 0 1 0 0 8 8 1 0 
2 0 0 0 0 0 0 0 0 0 0 0 0 14 14 0 0 
1 0 0.10080964727404508 0.10080964727404508 1 0 0 1 0 0 1 0 0 8 8 1 0 
2 0 0 0 0 0 0 1 0 0 0 0 0 52 52 1 0 
1 0 0.10080964727404508 0.10080964727404508 1 0 0 1 0 0 0 0 0 1 1 1 0 
2 0 0 0 0 0 0 0 0 0 0 0 0 112 112 0 0 
1 0 0.10080964727404508 0.10080964727404508 1 0 0 1 0 0 0 0 0 1 1 1 0 
2 0 0 0 0 0 0 0 1 0 0 0 0 29 29 0 0 
1 0 0.08468237215317717 0.08468237215317717 0 0 0 0 0 0 0 0 0 1 1 1 0 
2 0 0 0 0 0 0 1 0 0 0 0 0 8 8 0 0 
1 0 0.08468237215317717 0.08468237215317717 0 0 0 0 0 0 0 0 0 1 1 1 0 
2 0 0 0 0 0 0 0 0 0 0 0 0 112 112 0 0 
1 0 0.08468237215317717 0.08468237215317717 0 0 0 0 0 0 0 0 0 1 1 1 0 
2 0 0 0 0 0 0 1 0 0 0 0 0 8 8 0 0 
1 0 0.08468237215317717 0.08468237215317717 0 0 0 0 0 0 0 0 0 1 1 1 0 
2 0 0 0 0 0 0 1 0 0 0 0 0 8 8 0 0 
1 0 0.08468237215317717 0.08468237215317717 1 0 0 1 0 0 0 0 0 1 1 1 0 
2 0 0 0 0 0 0 1 0 0 0 0 0 8 8 0 0 
1 0 0.08468237215317717 0.08468237215317717 1 0 0 1 0 0 0 0 0 2 2 1 0 
2 0 0 0 0 0 0 0 0 0 0 0 0 14 14 0 0 
1 0 0 0 0 0 0 1 0 0 0 0 0 9 9 1 0 
2 0 0 0 0 0 0 0 0 0 0 0 0 25 25 1 0 
0 0 0 0 0 0 0 0 0 0 0 0 0 34 34 0 0 
2 0 0 0 0 0 0 0 0 0 0 0 0 23 23 1 0 
0 0 0 0 0 0 0 0 0 0 0 0 0 26 26 0 0 
2 0 0 0 0 0 0 0 0 0 0 0 0 23 23 1 0 
0 0 0 0 1 0 0 1 1 1 0 0 0 4 4 1 0 
2 0 0 0 0 0 0 1 0 0 0 0 0 14 14 0 0 
0 0 0 0 0 1 0 1 1 1 0 0 0 38 38 1 0 
2 0 0 0 1 0 0 1 1 1 0 0 0 4 4 0 0 
1 0 0 0 0 0 0 0 0 0 0 0 0 10 10 1 0 
2 0 0.0929712993116018 0.0929712993116018 0 0 0 0 0 0 0 0 0 10 10 1 0 
1 0 0.0929712993116018 0.0929712993116018 0 0 0 0 0 0 0 0 0 1 1 1 0 
2 0 0 0 0 0 0 0 0 0 0 0 0 20 20 0 0 
1 0 0.0929712993116018 0.0929712993116018 0 0 0 0 0 0 0 0 0 2 2 1 0 
2 0 0.0929712993116018 0.0929712993116018 0 0 0 1 0 0 0 0 0 7 7 0 0 
1 0 0 0 0 0 0 0 0 0 0 0 0 1 1 1 0 
2 0 0.26451259011227757 0.26451259011227757 0 0 0 0 0 0 0 0 0 2 2 0 0 
1 0 0 0 0 0 0 0 0 0 0 0 0 19 19 1 0 
2 0 0.26451259011227757 0.26451259011227757 0 0 0 0 0 0 0 0 0 1 1 0 0 
1 0 0 0 0 0 0 0 0 0 1 1 1 18 18 1 0 
2 0 0 0 0 0 0 0 0 0 0 0 0 16 16 1 0 
1 0 0 0 0 0 0 0 0 0 0 0 0 45 45 1 0 
2 0 0 0 0 0 0 1 1 1 1 0 0 45 45 1 0 
1 0 0 0 0 0 0 0 0 0 0 0 0 20 20 1 0 
2 0 0.040790317947922636 0.040790317947922636 1 0 0 1 0 0 1 0 0 10 10 1 0 
0 0.04636805411909374 0 0.04636805411909374 0 1 0 0 1 0 0 0 0 17 17 1 0 
2 0 0 0 0 0 0 0 0 0 0 0 0 25 25 0 0 
1 0 0 0 0 0 0 1 1 1 1 0 0 23 23 1 0 
2 0 0.1876377572443577 0.1876377572443577 0 0 0 0 0 0 0 0 0 11 11 0 0 
1 0.04636805411909374 0.040790317947922636 0.08715837206701638 0 0 0 0 0 0 0 0 0 10 10 1 0.662728574987 
2 0.040790317947922636 0 0.040790317947922636 0 0 0 0 0 0 0 0 0 7 7 1 0 
1 0.04636805411909374 0.040790317947922636 0.08715837206701638 0 0 0 0 0 0 0 0 0 7 7 1 0 
2 0 0 0 0 0 0 0 0 0 0 0 0 28 28 0 0 
0 0 0 0 1 0 0 1 0 0 0 0 0 3 3 1 0 
2 0 0 0 0 0 0 1 1 1 0 0 0 4 4 0 0 
0 0 0 0 0 0 0 1 0 0 0 0 0 4 4 1 0 
2 0 0 0 0 0 0 0 1 0 0 0 0 22 22 0 0 
0 0 0 0 0 0 0 1 1 1 0 0 0 18 18 1 0 
2 0 0 0 0 0 0 0 1 0 0 0 0 22 22 0 0 
1 0 0 0 0 0 0 1 1 1 0 0 0 4 4 1 0 
2 0 0 0 0 0 0 0 1 0 0 0 0 22 22 0 0 
1 0 0.17035144614585349 0.17035144614585349 0 0 0 1 0 0 0 0 0 3 3 1 0 
2 0 0 0 0 0 0 0 0 0 0 0 0 17 17 0 0 
1 0 0 0 0 0 0 0 0 0 1 0 0 30 30 1 0 
2 0 0 0 0 0 0 0 0 0 0 0 0 23 23 1 0 
1 0 0 0 0 0 0 0 1 0 0 0 0 48 48 1 0 
2 0 0 0 0 0 0 0 0 0 0 0 0 36 36 0 0 
1 0 0 0 0 0 0 0 0 0 0 0 0 29 29 1 0 
2 0 0 0 0 0 0 0 0 0 0 0 0 23 23 1 0 
1 0 0 0 0 0 0 0 0 0 0 0 0 19 19 1 0 
2 0 0 0 0 0 0 1 0 0 0 0 0 31 31 0 0 
0 0 0 0 0 1 0 1 1 1 0 0 0 32 32 1 0 
2 0 0 0 0 0 0 0 0 0 0 0 0 15 15 0 0 
0 0 0 0 0 1 0 0 1 0 0 0 0 19 19 1 0 
2 0 0 0 0 1 0 0 1 0 0 0 0 15 15 1 0 
0 0 0 0 0 1 0 0 1 0 0 0 0 20 20 1 0 
2 0 0 0 0 0 0 0 0 0 0 0 0 20 20 1 0 
0 0 0 0 0 1 0 0 1 0 0 0 0 21 21 1 0 
2 0 0 0 0 1 0 0 1 0 0 0 0 19 19 1 0 
1 0 0 0 1 0 0 1 0 0 0 0 0 3 3 1 0 
2 0 0 0 0 1 0 0 1 0 0 0 0 15 15 1 0 
0 0 0 0 0 1 0 1 1 1 0 0 0 15 15 1 0 
2 0 0 0 0 0 0 1 0 0 0 0 0 26 26 0 0 
0 0 0 0 0 0 0 0 0 0 0 0 0 12 12 1 0 
2 0 0 0 0 0 0 0 0 0 0 0 0 15 15 1 0 
1 0 0 0 0 0 0 0 1 0 0 0 0 26 26 1 0 
2 0 0 0 0 0 0 0 0 0 0 0 0 15 15 1 0 
1 0 0 0 0 0 0 0 0 0 0 0 0 39 39 1 0 
2 0 0 0 0 0 0 0 0 0 0 0 0 15 15 1 0 
1 0 0 0 0 0 0 0 0 0 0 0 0 39 39 1 0 
2 0 0.0923030763522389 0.0923030763522389 0 0 0 0 0 0 0 0 0 18 18 1 0 
1 0 0 0 0 0 0 1 1 1 0 0 0 42 42 1 0 
2 0 0 0 0 0 0 0 1 0 0 0 0 15 15 0 0 
1 0 0.2200382593895809 0.2200382593895809 0 0 0 0 0 0 0 0 0 26 26 1 0 
2 0 0 0 0 0 0 0 0 0 0 0 0 16 16 0 0 
1 0.06818496512016821 0 0.06818496512016821 0 0 0 0 1 0 0 0 0 3 3 1 0 
2 0 0.06818496512016821 0.06818496512016821 0 0 0 1 0 0 0 0 0 18 18 0 0 
0 0 0 0 0 0 0 0 1 0 0 0 0 28 28 1 0 
2 0 0.06818496512016821 0.06818496512016821 0 0 0 0 0 0 0 0 0 16 16 0 0 
1 0 0 0 0 0 0 1 0 0 0 0 0 19 19 1 0 
2 0 0.11724939256945814 0.11724939256945814 0 0 0 1 0 0 0 0 0 20 20 0 0 
0 0 0 0 0 1 0 0 1 0 0 0 0 18 18 1 0 
2 0 0 0 0 0 0 0 0 0 0 0 0 27 27 0 0 
1 0 0 0 0 0 0 0 0 0 0 0 0 37 37 1 0 
2 0 0 0 0 0 0 0 0 0 0 0 0 64 64 0 0 
1 0 0 0 0 0 0 0 0 0 0 0 0 20 20 1 0 
2 0 0 0 0 0 0 0 0 0 0 0 0 64 64 0 0 
1 0 0 0 0 0 0 0 0 0 0 0 0 13 13 1 0 
2 0 0 0 0 0 0 0 0 0 0 0 0 20 20 0 0 
0 0 0 0 0 0 0 0 0 0 0 0 0 27 27 1 0 
2 0 0 0 0 0 0 1 0 0 0 0 0 68 68 0 0 
0 0 0 0 0 1 0 0 1 0 0 0 0 31 31 1 0 
2 0 0 0 0 0 0 0 0 0 0 0 0 23 23 0 0 
0 0 0 0 0 0 0 0 0 0 0 0 0 11 11 1 0 
2 0 0 0 0 0 0 0 0 0 0 0 0 12 12 0 0 
0 0 0 0 1 0 0 1 0 0 1 0 0 5 5 1 0 
2 0 0 0 0 0 0 0 0 0 0 0 0 11 11 0 0 
0 0 0 0 1 0 0 1 0 0 0 0 0 2 2 1 0 
2 0 0 0 0 0 0 0 0 0 0 0 0 13 13 0 0 
1 0 0 0 0 0 0 0 0 0 0 0 0 11 11 0 0 
2 0 0 0 0 0 0 0 0 0 0 0 0 11 11 0 0 
1 0 0 0 0 0 0 0 0 0 0 0 0 13 13 0 0 
2 0 0 0 0 0 0 0 0 0 0 0 0 14 14 0 0 
1 0 0 0 0 0 0 0 0 0 0 0 0 12 12 0 0 
2 0.060410038417829534 0 0.060410038417829534 0 1 0 0 1 0 0 0 0 11 11 1 0 
1 0 0 0 1 0 0 1 0 0 0 0 0 4 4 1 0 
2 0 0 0 0 0 0 0 0 0 0 0 0 34 34 0 0 
1 0 0 0 0 0 0 1 0 0 0 0 0 32 32 1 0 
2 0 0 0 0 0 0 0 0 0 0 0 0 34 34 0 0 
1 0 0 0 0 0 0 0 0 0 0 0 0 29 29 1 0 
2 0 0 0 0 0 0 0 0 0 0 0 0 34 34 0 0 
1 0 0 0 0 0 0 0 0 0 0 0 0 19 19 1 0 
2 0 0 0 0 0 0 0 0 0 0 0 0 18 18 0 0 
1 0 0 0 0 0 0 0 0 0 0 0 0 28 28 1 0 
2 0 0 0 0 0 0 0 1 0 0 0 0 13 13 0 0 
1 0 0 0 0 0 0 0 0 0 0 0 0 15 15 1 0 
2 0 0 0 0 0 0 0 0 0 0 0 0 32 32 0 0 
1 0 0 0 0 0 0 0 1 0 0 0 0 21 21 1 0 
2 0 0.1313328433427637 0.1313328433427637 0 0 0 0 0 0 0 0 0 18 18 1 0 
0 0 0 0 0 0 0 0 0 0 0 0 0 43 43 1 0 
2 0 0.1313328433427637 0.1313328433427637 0 0 0 0 0 0 0 0 0 13 13 0 0 
0 0 0 0 0 0 0 0 0 0 0 0 0 18 18 1 0 
2 0 0.1313328433427637 0.1313328433427637 0 0 0 0 0 0 0 0 0 18 18 1 0 
0 0 0 0 0 0 0 0 0 0 0 0 0 18 18 1 0 
2 0 0 0 0 0 0 0 0 0 0 0 0 59 59 0 0 
1 0.13496563579642717 0 0.13496563579642717 0 0 0 0 0 0 0 0 0 6 6 1 0 
2 0 0.1313328433427637 0.1313328433427637 0 0 0 0 0 0 0 0 0 18 18 1 0 
1 0.13496563579642717 0 0.13496563579642717 0 0 0 0 0 0 0 0 0 6 6 1 0 
2 0 0.1313328433427637 0.1313328433427637 0 0 0 0 0 0 0 0 0 18 18 1 0 
0 0 0 0 0 1 0 0 1 0 0 0 0 22 22 1 0 
2 0.13496563579642717 0.1313328433427637 0.2662984791391909 0 0 0 0 0 0 0 0 0 6 6 1 0.480436613364 
1 0 0 0 0 0 0 0 0 0 0 0 0 22 22 1 0 
2 0 0 0 0 0 0 0 1 0 0 0 0 22 22 0 0 
1 0 0 0 0 0 0 0 0 0 0 0 0 11 11 1 0 
2 0 0 0 0 0 0 1 0 0 0 0 0 14 14 1 0 
0 0 0 0 0 1 0 0 1 0 0 0 0 51 51 1 0 
2 0 0 0 0 0 0 1 0 0 0 0 0 14 14 1 0 
1 0 0 0 0 0 0 0 1 0 0 0 0 20 20 1 0 
2 0 0 0 1 0 0 1 0 0 0 0 0 2 2 1 0 
0 0 0 0 0 1 0 0 1 0 0 0 0 14 14 1 0 
2 0 0 0 0 1 0 0 1 0 0 0 0 14 14 0 0 
0 0 0 0 0 0 0 0 0 0 0 0 0 33 33 0 0 
2 0 0 0 0 0 0 0 0 0 0 0 0 31 31 0 0 
0 0 0 0 0 0 0 0 1 0 0 0 0 25 25 1 0 
2 0 0 0 0 0 0 0 0 0 0 0 0 19 19 0 0 
0 0 0 0 0 1 0 0 1 0 0 0 0 26 26 1 0 
2 0 0 0 0 0 0 0 0 0 0 0 0 25 25 0 0 
0 0 0.7123082515017125 0.7123082515017125 0 0 0 0 0 0 0 0 0 13 13 1 0 
2 0 0 0 0 0 0 1 0 0 0 0 0 19 19 1 0 
1 0 0 0 0 0 0 0 0 0 0 0 0 5 5 1 0 
2 0 0 0 0 0 0 0 0 0 0 0 0 25 25 0 0 
0 0 0 0 0 1 0 1 1 1 0 0 0 32 32 1 0 
2 0 0 0 0 0 0 1 0 0 0 0 0 29 29 1 0 
0 0 0 0 0 1 0 0 1 0 0 0 0 17 17 1 0 
2 0 0 0 0 0 0 0 0 0 0 0 0 25 25 0 0 
0 0 0 0 0 1 0 0 1 0 0 0 0 14 14 1 0 
2 0 0 0 0 0 0 1 0 0 0 0 0 50 50 0 0 
1 0 0 0 0 0 0 0 0 0 0 0 0 82 82 1 0 
2 0 0 0 0 0 0 0 1 0 0 0 0 39 39 0 0 
1 0 0 0 0 0 0 1 1 1 0 0 0 50 50 1 0 
2 0 0 0 0 0 0 0 0 0 0 0 0 19 19 0 0 
1 0 0 0 0 0 0 0 1 0 0 0 0 29 29 1 0 
2 0 0 0 0 0 0 0 0 0 0 0 0 18 18 1 0 
1 0 0 0 1 0 0 1 1 1 1 0 0 6 6 1 0 
2 0 0 0 0 0 0 1 0 0 0 0 0 28 28 0 0 
0 0 0 0 0 0 0 0 0 0 0 0 0 17 17 1 0 
2 0 0 0 1 0 0 1 1 1 0 0 0 3 3 0 0 
1 0 0 0 0 0 0 0 0 0 0 0 0 26 26 0 0 
2 0 0 0 0 0 0 0 1 0 0 0 0 44 44 0 0 
0 0 0 0 1 0 0 1 0 0 0 0 0 3 3 1 0 
2 0 0 0 0 0 0 0 1 0 0 0 0 26 26 0 0 
0 0 0 0 0 0 0 0 0 0 0 0 0 6 6 1 0 
2 0 0 0 0 0 0 1 0 0 0 0 0 19 19 1 0 
1 0.09192488914625702 0 0.09192488914625702 0 0 0 0 0 0 0 0 0 10 10 1 0 
2 0 0 0 0 0 0 0 0 0 0 0 0 30 30 1 0 
1 0.09192488914625702 0.21600590841647818 0.3079307975627352 0 0 0 0 0 0 0 0 0 10 10 1 0.388312877845 
2 0 0 0 0 0 0 1 0 0 0 0 0 19 19 1 0 
1 0.09192488914625702 0.30123320867486447 0.3931580978211215 0 0 0 0 0 0 0 0 0 10 10 1 0.347888589807 
2 0 0 0 0 0 0 1 0 0 0 0 0 19 19 1 0 
1 0 0 0 0 0 0 0 0 0 0 0 0 26 26 1 0 
2 0 0 0 0 0 0 0 0 0 0 0 0 30 30 1 0 
0 0 0 0 0 1 0 0 1 0 0 0 0 19 19 1 0 
2 0 0 0 0 0 0 0 0 0 0 0 0 19 19 0 0 
0 0 0 0 0 1 0 0 1 0 0 0 0 21 21 1 0 
2 0 0.30920183983506305 0.30920183983506305 0 0 0 0 0 0 0 0 0 38 38 0 0 
1 0 0 0 1 0 0 1 1 1 1 0 0 9 9 1 0 
2 0 0 0 0 0 0 1 1 1 0 0 0 26 26 1 0 
1 0 0 0 0 0 0 0 0 0 0 0 0 44 44 1 0 
2 0 0 0 1 0 0 1 0 0 1 0 0 9 9 0 0 
1 0 0 0 0 0 0 0 1 0 0 0 0 17 17 1 0 
2 0 0 0 0 0 0 1 0 0 0 0 0 17 17 0 0 
1 0 0 0 0 0 0 0 0 0 0 0 0 4 4 1 0 
2 0 0 0 0 0 0 1 0 0 0 0 0 17 17 0 0 
1 0 0 0 0 0 0 0 0 0 0 0 0 4 4 1 0 
2 0 0 0 0 1 0 0 1 0 0 1 0 59 59 0 0 
1 0 0 0 0 0 0 0 0 0 0 0 0 7 7 0 0 
2 0 0 0 0 0 0 0 0 0 0 0 0 23 23 0 0 
0 0 0 0 0 1 0 0 1 0 0 0 0 21 21 1 0 
2 0 0 0 0 0 0 0 0 0 0 0 0 4 4 0 0 
1 0 0 0 0 0 0 0 0 0 0 0 0 8 8 1 0 
2 0 0 0 0 0 0 0 0 0 0 1 0 21 21 0 0 
1 0 0 0 0 0 0 0 0 0 0 0 0 4 4 1 0 
2 0 0 0 0 0 0 0 0 0 0 0 0 8 8 0 0 
1 0 0 0 0 0 0 0 0 0 0 0 0 7 7 1 0 
2 0 0 0 0 0 0 0 0 0 0 0 0 19 19 1 0 
0 0 0 0 1 0 0 1 0 0 1 0 0 12 12 1 0 
2 0 0 0 0 0 0 0 0 0 0 0 0 26 26 0 0 
1 0 0 0 0 1 0 0 1 0 0 0 0 20 20 1 0 
2 0 0 0 0 0 0 0 0 0 0 0 0 28 28 0 0 
0 0 0 0 0 0 0 0 0 0 0 0 0 30 30 1 0 
2 0 0 0 1 1 1 1 1 1 0 0 0 2 2 0 0 
1 0 0 0 0 0 0 0 0 0 0 0 0 15 15 1 0 
2 0 0 0 0 0 0 0 0 0 0 0 0 28 28 0 0 
1 0 0 0 0 0 0 1 0 0 0 0 0 45 45 1 0 
2 0 0 0 0 0 0 0 0 0 0 0 0 28 28 0 0 
1 0 0 0 0 0 0 0 0 0 0 0 0 26 26 1 0 
2 0 0 0 0 0 0 0 0 0 0 0 0 28 28 0 0 
1 0 0 0 0 0 0 0 1 0 0 0 0 26 26 1 0 
2 0 0 0 0 0 0 0 0 0 0 0 0 13 13 0 0 
1 0 0 0 0 0 0 1 1 1 0 0 0 2 2 1 0 
2 0 0 0 0 0 0 0 1 0 0 0 0 17 17 0 0 
0 0 0 0 1 0 0 1 1 1 0 0 0 4 4 1 0 
2 0 0 0 0 0 0 0 0 0 0 0 0 42 42 0 0 
1 0 0 0 1 0 0 1 0 0 0 0 0 4 4 1 0 
2 0 0 0 0 0 0 0 0 0 0 0 0 139 139 1 0 
1 0 0 0 0 0 0 0 0 0 0 0 0 12 12 1 0 
2 0.25184379493262066 0.20744770641206414 0.45929150134468477 0 0 0 0 0 0 0 0 0 8 8 0 0.606215627545 
0 0 0 0 0 1 0 1 1 1 0 0 0 24 24 1 0 
2 0 0.20744770641206414 0.20744770641206414 0 0 0 1 0 0 0 0 0 18 18 0 0 
0 0 0 0 1 0 0 1 0 0 0 0 0 3 3 1 0 
2 0 0 0 0 0 0 0 0 0 0 0 0 20 20 0 0 
1 0 0 0 0 0 0 0 1 0 0 0 0 25 25 1 0 
2 0 0 0 0 0 0 1 1 1 0 0 0 34 34 1 0 
1 0 0 0 0 0 0 0 0 0 0 0 0 10 10 1 0 
2 0 0 0 0 0 0 1 0 0 0 0 0 30 30 0 0 
1 0 0 0 0 0 0 0 0 0 0 0 0 81 81 1 0 
2 0 0 0 0 0 0 0 0 0 0 0 0 18 18 0 0 
1 0 0 0 0 0 0 1 1 1 0 0 0 31 31 1 0 
2 0 0 0 0 0 0 1 1 1 0 1 0 23 23 1 0 
0 0 0 0 0 1 0 0 1 0 0 0 0 36 36 1 0 
2 0 0 0 0 0 0 1 1 1 0 1 0 29 29 0 0 
0 0 0 0 0 1 0 1 1 1 0 0 0 23 23 1 0 
2 0 0 0 0 0 0 0 0 0 0 0 0 36 36 1 0 
0 0 0 0 0 0 0 1 1 1 1 1 1 8 8 1 0 
2 0 0 0 0 0 0 1 1 1 0 1 0 29 29 0 0 
0 0 0 0 0 1 0 0 1 0 0 0 0 24 24 1 0 
2 0 0 0 0 0 0 0 1 0 0 0 0 20 20 1 0 
1 0 0 0 0 0 0 0 0 0 0 0 0 19 19 1 0 
2 0 0 0 0 0 0 0 1 0 0 0 0 20 20 1 0 
1 0 0 0 0 0 0 0 0 0 0 0 0 13 13 1 0 
2 0 0 0 0 0 0 0 1 0 0 0 0 20 20 1 0 
1 0 0 0 0 0 0 0 0 0 0 0 0 33 33 1 0 
2 0 0 0 1 0 0 1 1 1 0 1 0 3 3 1 0 
1 0 0 0 0 0 0 0 0 0 0 0 0 25 25 1 0 
2 0 0 0 1 0 0 1 1 1 0 0 0 3 3 0 0 
0 0 0 0 0 1 0 1 1 1 0 0 0 19 19 1 0 
2 0 0 0 0 0 0 1 1 1 0 0 0 19 19 0 0 
0 0 0 0 0 1 0 1 1 1 0 0 0 22 22 1 0 
2 0.18394521655225046 0 0.18394521655225046 0 0 0 0 0 0 0 0 0 8 8 0 0 
0 0 0 0 0 1 0 1 1 1 0 0 0 25 25 1 0 
2 0 0 0 0 0 0 1 0 0 0 0 0 23 23 0 0 
0 0 0 0 1 0 0 1 0 0 0 0 0 3 3 1 0 
2 0 0 0 0 0 0 0 0 0 0 0 0 53 53 0 0 
1 0 0 0 0 0 0 0 0 0 1 1 1 30 30 1 0 
2 0 0 0 0 0 0 0 0 0 0 0 0 53 53 0 0 
1 0 0 0 0 0 0 1 1 1 0 1 0 22 22 1 0 
2 0 0.08362764734750117 0.08362764734750117 1 0 0 1 0 0 0 0 0 3 3 1 0 
0 0 0 0 0 1 0 0 1 0 0 0 0 14 14 1 0 
2 0 0.08362764734750117 0.08362764734750117 0 0 0 0 0 0 0 0 0 23 23 0 0 
0 0 0 0 0 1 0 0 1 0 0 0 0 20 20 1 0 
2 0 0.08362764734750117 0.08362764734750117 0 0 0 0 0 0 0 0 0 25 25 1 0 
0 0 0 0 0 1 0 1 1 1 0 1 0 15 15 1 0 
2 0 0.08362764734750117 0.08362764734750117 0 0 0 0 0 0 0 0 0 23 23 0 0 
1 0 0 0 1 0 0 1 0 0 0 0 0 3 3 1 0 
2 0 0.08362764734750117 0.08362764734750117 1 0 0 1 0 0 0 0 0 2 2 0 0 
1 0 0 0 1 0 0 1 0 0 1 0 0 3 3 1 0 
2 0 0.08362764734750117 0.08362764734750117 0 0 0 0 0 0 0 0 0 28 28 0 0 
1 0 0 0 1 0 0 1 0 0 0 0 0 4 4 1 0 
2 0 0.08362764734750117 0.08362764734750117 0 0 0 1 0 0 1 0 0 17 17 0 0 
1 0 0 0 1 0 0 1 0 0 1 0 0 3 3 1 0 
2 0 0.08362764734750117 0.08362764734750117 1 0 0 1 0 0 0 0 0 3 3 1 0 
1 0 0 0 1 0 0 1 0 0 0 0 0 6 6 1 0 
2 0 0.08362764734750117 0.08362764734750117 0 0 0 0 0 0 0 0 0 23 23 0 0 
1 0 0 0 1 0 0 1 0 0 1 0 0 8 8 1 0 
2 0 0 0 0 0 0 1 1 1 0 0 0 27 27 0 0 
1 0 0.08261132746327038 0.08261132746327038 0 0 0 0 0 0 0 0 0 39 39 1 0 
2 0 0 0 0 0 0 0 0 0 0 0 0 81 81 0 0 
1 0 0 0 0 0 0 1 0 0 0 0 0 13 13 1 0 
2 0 0 0 0 0 0 0 0 0 0 0 0 81 81 0 0 
1 0.0950091009638936 0 0.0950091009638936 0 0 0 0 0 0 0 0 0 3 3 1 0 
2 0 0 0 0 0 0 1 0 0 0 0 0 41 41 0 0 
1 0 0 0 0 0 0 0 1 0 0 0 0 15 15 1 0 
2 0 0 0 0 0 0 0 1 0 0 0 0 41 41 0 0 
1 0 0 0 0 0 0 0 1 0 0 0 0 15 15 1 0 
2 0 0 0 0 0 0 0 1 0 0 0 0 41 41 1 0 
1 0 0 0 0 0 0 0 1 0 0 0 0 19 19 1 0 
2 0 0 0 0 0 0 1 0 0 0 0 0 27 27 1 0 
1 0 0 0 0 0 0 0 0 0 0 0 0 20 20 1 0 
2 0 0 0 0 0 0 0 1 0 0 0 0 22 22 0 0 
0 0 0 0 0 1 0 0 1 0 0 0 0 29 29 1 0 
2 0 0 0 0 0 0 0 0 0 0 0 0 50 50 0 0 
0 0 0 0 0 1 0 0 1 0 0 1 0 31 31 1 0 
2 0 0 0 0 0 0 0 0 0 0 0 0 20 20 0 0 
0 0 0 0 0 1 0 0 1 0 0 0 0 11 11 1 0 
2 0 0 0 0 0 0 0 0 0 0 0 0 31 31 0 0 
1 0 0.2674206190622707 0.2674206190622707 0 0 0 0 0 0 1 0 0 11 11 1 0 
2 0 0 0 0 0 0 0 0 0 0 0 0 31 31 0 0 
1 0 0 0 0 0 0 1 0 0 0 0 0 14 14 1 0 
2 0 0 0 0 0 0 1 0 0 1 0 0 10 10 1 0 
1 0 0 0 0 0 0 1 0 0 1 0 0 5 5 1 0 
2 0 0 0 1 0 0 1 0 0 0 0 0 3 3 1 0 
1 0 0 0 0 0 0 1 0 0 1 0 0 10 10 1 0 
2 0 0 0 0 0 0 1 0 0 1 0 0 10 10 1 0 
1 0 0 0 0 0 0 1 0 0 1 0 0 5 5 1 0 
2 0 0 0 0 0 0 0 0 0 0 0 0 27 27 1 0 
1 0 0 0 1 0 0 1 0 0 0 0 0 3 3 1 0 
2 0 0 0 0 0 0 0 0 0 0 0 0 32 32 0 0 
1 0 0 0 0 0 0 0 0 0 0 0 0 32 32 1 0 
2 0.1132439927268827 0 0.1132439927268827 0 0 0 0 0 0 0 0 0 9 9 1 0 
0 0 0.09165296763194827 0.09165296763194827 0 0 0 0 0 0 0 0 0 32 32 1 0 
2 0 0 0 0 0 0 1 0 0 0 0 0 16 16 0 0 
1 0 0.1132439927268827 0.1132439927268827 0 0 0 1 0 0 0 0 0 5 5 1 0 
2 0 0 0 0 0 0 0 1 0 0 0 0 49 49 0 0 
1 0.18330593526389655 0.1132439927268827 0.2965499279907792 0 0 0 0 0 0 0 0 0 6 6 1 0 
2 0.09165296763194827 0 0.09165296763194827 0 0 0 0 1 0 0 0 0 8 8 0 0 
1 0 0 0 0 0 0 0 0 0 0 0 0 20 20 1 0 
2 0 0 0 0 0 0 0 0 0 0 0 0 32 32 1 0 
1 0 0 0 0 0 0 1 0 0 0 0 0 16 16 1 0 
2 0 0 0 0 0 0 1 1 1 0 0 0 32 32 1 0 
0 0 0 0 0 1 0 1 1 1 0 0 0 24 24 1 0 
2 0.28008192357419937 0 0.28008192357419937 0 0 0 0 0 0 0 0 0 9 9 1 0 
1 0 0 0 0 0 0 0 0 0 0 1 0 24 24 1 0 
2 0 0.28008192357419937 0.28008192357419937 0 0 0 0 0 0 0 0 0 15 15 1 0 
1 0 0 0 0 0 0 0 0 0 0 1 0 19 19 1 0 
2 0 0 0 0 0 0 0 0 0 0 0 0 25 25 1 0 
0 0 0 0 0 1 0 1 1 1 0 0 0 23 23 1 0 
2 0 0.15216720621634328 0.15216720621634328 0 0 0 0 0 0 0 0 0 22 22 0 0 
1 0 0 0 0 0 0 0 1 0 0 1 0 11 11 1 0 
2 0 0 0 0 0 0 1 0 0 0 0 0 59 59 0 0 
0 0 0 0 0 1 0 0 1 0 0 0 0 21 21 1 0 
2 0 0 0 0 0 0 0 0 0 0 0 0 24 24 1 0 
1 0 0 0 0 0 0 1 0 0 1 0 0 8 8 1 0 
2 0.15216720621634328 0 0.15216720621634328 0 0 0 0 0 0 0 0 0 7 7 0 0 
0 0 0 0 0 1 0 0 1 0 0 0 0 10 10 1 0 
2 0 0 0 0 0 0 0 1 0 0 0 0 33 33 0 0 
1 0 0.4756004168617888 0.4756004168617888 0 0 0 0 0 0 0 0 0 22 22 1 0 
2 0 0 0 0 0 0 0 1 0 0 0 0 33 33 0 0 
1 0 0 0 0 0 0 0 0 0 0 0 0 22 22 1 0 
2 0 0 0 0 0 0 0 0 0 0 0 0 21 21 1 0 
1 0.4756004168617888 0 0.4756004168617888 0 0 0 0 0 0 0 0 0 8 8 1 0 
2 0 0 0 0 0 0 1 0 0 0 0 0 17 17 1 0 
1 0.1307899397204844 0.0665409924853189 0.19733093220580328 0 0 0 0 0 0 0 0 0 6 6 1 0.314357677788 
2 0.14100678876032927 0 0.14100678876032927 0 0 0 0 0 0 0 0 0 6 6 1 0 
1 0.09001165885243533 0.0665409924853189 0.15655265133775423 0 0 0 0 0 0 0 0 0 8 8 1 0.372665364629 
2 0 0 0 0 0 0 1 0 0 0 0 0 18 18 1 0 
1 0.4756004168617888 0.0665409924853189 0.5421414093471076 0 0 0 0 0 0 0 0 0 8 8 1 0.235160843113 
2 0.14100678876032927 0 0.14100678876032927 0 0 0 0 0 0 0 0 0 6 6 1 0 
1 0.14100678876032927 0.0665409924853189 0.20754778124564816 0 0 0 0 0 0 0 0 0 6 6 1 0.46010492679 
2 0 0 0 0 0 0 0 0 0 0 0 0 25 25 0 0 
1 0 0 0 0 0 0 1 0 0 0 0 0 16 16 1 0 
2 0 0 0 0 0 0 1 0 0 0 0 0 16 16 0 0 
1 0 0 0 0 0 0 0 1 0 0 0 0 10 10 1 0 
2 0 0 0 0 0 0 0 0 0 0 0 0 13 13 1 0 
1 0 0 0 0 0 0 0 0 0 0 0 0 25 25 1 0 
2 0 0.37880459033058544 0.37880459033058544 0 0 0 0 0 0 0 0 0 16 16 1 0 
1 0 0 0 0 0 0 0 0 0 0 0 0 15 15 1 0 
2 0 0.17607468253955108 0.17607468253955108 0 0 0 0 0 0 0 0 0 33 33 1 0 
0 0 0 0 0 0 0 0 0 0 0 0 0 16 16 1 0 
2 0.06489491023587435 0 0.06489491023587435 0 0 0 0 1 0 0 0 0 11 11 0 0 
0 0 0 0 0 1 0 0 1 0 0 0 0 20 20 1 0 
2 0 0 0 0 0 0 0 1 0 0 0 0 21 21 0 0 
1 0.07944074616650486 0.06489491023587435 0.14433565640237922 0 0 0 0 0 0 0 0 0 7 7 1 0.387452807576 
2 0 0 0 1 0 0 1 1 1 0 0 0 3 3 0 0 
0 0 0.08545385081242249 0.08545385081242249 0 0 0 0 0 0 0 0 0 23 23 1 0 
2 0 0 0 0 0 0 0 1 0 0 0 0 20 20 0 0 
1 0 0.08545385081242249 0.08545385081242249 0 0 0 0 0 0 0 0 0 20 20 1 0 
2 0 0 0 0 0 0 0 0 0 0 0 0 16 16 0 0 
1 0 0 0 0 0 0 0 0 0 0 0 0 16 16 1 0 
2 0 0 0 0 0 0 1 1 1 0 1 0 25 25 0 0 
0 0 0 0 0 1 0 1 1 1 0 0 0 22 22 1 0 
2 0 0 0 0 0 0 1 1 1 0 0 0 11 11 1 0 
0 0 0 0 0 1 0 1 1 1 0 0 0 25 25 1 0 
2 0 0 0 0 0 0 1 1 1 0 0 0 11 11 1 0 
0 0 0 0 0 1 0 0 1 0 1 0 0 41 41 1 0 
2 0 0 0 0 0 0 0 1 0 0 0 0 19 19 0 0 
0 0 0 0 0 1 0 0 1 0 0 0 0 30 30 1 0 
2 0 0 0 1 0 0 1 1 1 0 0 0 3 3 0 0 
1 0 0 0 0 0 0 0 0 0 0 0 0 17 17 1 0 
2 0 0 0 1 0 0 1 1 1 0 0 0 3 3 0 0 
1 0 0 0 0 0 0 0 0 0 0 0 0 19 19 1 0 
2 0 0 0 0 0 0 0 0 0 0 0 0 53 53 0 0 
0 0 0.06175620258570814 0.06175620258570814 0 0 0 0 0 0 0 0 0 8 8 1 0 
2 0.2311486417336178 0 0.2311486417336178 0 1 0 0 1 0 0 0 0 5 5 1 0 
0 0 0 0 0 0 0 0 1 0 0 1 0 17 17 1 0 
2 0.1713607040533153 0.15074727061354679 0.3221079746668621 0 0 0 0 0 0 0 0 0 13 13 1 0 
0 0 0 0 1 0 0 1 1 1 1 1 1 6 6 1 0 
2 0 0.2311486417336178 0.2311486417336178 0 0 0 1 0 0 1 0 0 13 13 1 0 
0 0 0 0 1 0 0 1 1 1 0 0 0 4 4 1 0 
2 0 0.2311486417336178 0.2311486417336178 0 0 0 1 0 0 1 0 0 13 13 1 0 
0 0 0 0 1 0 0 1 1 1 0 0 0 3 3 1 0 
2 0.1713607040533153 0.15074727061354679 0.3221079746668621 0 0 0 0 0 0 0 0 0 13 13 1 0 
0 0 0 0 1 0 0 1 1 1 1 1 1 6 6 1 0 
2 0.2311486417336178 0 0.2311486417336178 0 1 0 0 1 0 0 0 0 5 5 1 0 
0 0 0 0 1 0 0 1 1 1 0 0 0 7 7 1 0 
2 0 0.2311486417336178 0.2311486417336178 0 0 0 0 0 0 0 0 0 17 17 1 0 
0 0 0 0 1 0 0 1 1 1 0 0 0 7 7 1 0 
2 0 0 0 0 0 0 0 1 0 0 0 0 75 75 0 0 
0 0 0 0 0 1 0 0 1 0 0 0 0 37 37 1 0 
2 0 0 0 0 0 0 0 0 0 0 0 0 38 38 1 0 
0 0 0 0 0 0 0 1 0 0 0 0 0 10 10 1 0 
2 0 0 0 0 0 0 0 0 0 0 0 0 38 38 1 0 
0 0 0 0 0 0 0 1 0 0 1 0 0 18 18 1 0 
2 0 0 0 0 0 0 1 0 0 0 0 0 14 14 1 0 
1 0 0 0 0 0 0 1 0 0 0 0 0 22 22 0 0 
2 0 0 0 0 0 0 0 0 0 0 0 0 25 25 0 0 
0 0 0 0 0 0 0 0 1 0 0 0 0 38 38 1 0 
2 0 0 0 0 0 0 0 0 0 0 0 0 14 14 0 0 
1 0 0 0 0 0 0 0 0 0 0 0 0 25 25 1 0 
2 0 0.13870013852498184 0.13870013852498184 0 0 0 0 0 0 0 0 0 12 12 0 0 
1 0.06332055031013377 0 0.06332055031013377 0 0 0 0 0 0 0 0 0 9 9 1 0 
2 0 0 0 0 0 0 0 0 0 0 0 0 36 36 1 0 
0 0 0 0 0 1 0 0 1 0 0 0 0 17 17 1 0 
2 0 0 0 0 0 0 0 0 0 0 0 0 27 27 1 0 
0 0 0.1131624236637128 0.1131624236637128 0 0 0 0 0 0 0 0 0 17 17 1 0 
2 0 0 0 0 0 0 0 0 0 0 0 0 13 13 1 0 
1 0 0 0 0 0 0 0 0 0 0 0 0 35 35 1 0 
2 0 0 0 1 0 0 1 0 0 0 0 0 5 5 0 0 
1 0.07291627052836458 0 0.07291627052836458 0 1 0 0 1 0 0 0 0 8 8 1 0 
2 0.07291627052836458 0 0.07291627052836458 0 0 0 0 0 0 0 0 0 8 8 1 0 
0 0 0 0 0 1 0 1 1 1 0 0 0 37 37 1 0 
2 0 0 0 0 0 0 1 0 0 0 0 0 37 37 0 0 
0 0 0 0 0 0 0 1 1 1 0 0 0 41 41 1 0 
2 0 0 0 1 0 0 1 0 0 0 0 0 5 5 0 0 
1 0 0 0 0 0 0 0 0 0 0 0 0 5 5 1 0 
2 0 0 0 1 0 0 1 0 0 0 0 0 4 4 1 0 
1 0 0 0 0 0 0 0 0 0 0 0 0 6 6 1 0 
2 0 0 0 1 0 0 1 0 0 0 0 0 5 5 0 0 
1 0 0 0 0 0 0 0 0 0 0 0 0 6 6 1 0 
2 0 0 0 1 0 0 1 0 0 0 0 0 4 4 1 0 
1 0 0 0 0 0 0 0 0 0 0 0 0 5 5 1 0 
2 0 0 0 0 0 0 1 0 0 0 0 0 37 37 0 0 
1 0 0 0 0 0 0 0 0 0 0 0 0 5 5 1 0 
2 0 0 0 1 0 0 1 0 0 0 0 0 5 5 0 0 
1 0.16577392617229525 0 0.16577392617229525 0 0 0 0 0 0 0 0 0 2 2 1 0 
2 0 0 0 0 0 0 1 0 0 0 0 0 37 37 0 0 
1 0 0 0 0 0 0 1 0 0 0 0 0 4 4 1 0 
2 0 0 0 0 0 0 0 1 0 0 0 0 31 31 0 0 
1 0 0 0 0 0 0 1 0 0 0 0 0 22 22 1 0 
1 0 0 0 0 0 0 0 0 0 0 0 0 11 11 1 0 
1 0 0 0 0 0 0 0 0 0 0 0 0 14 14 1 0 
1 0 0 0 0 0 0 0 0 0 0 0 0 22 22 1 0 
1 0 0 0 0 0 0 1 0 0 0 0 0 22 22 1 0 
1 0 0 0 0 0 0 0 0 0 0 0 0 28 28 1 0 
1 0 0 0 0 0 0 1 0 0 0 0 0 16 16 0 0 
1 0 0 0 0 0 0 0 0 0 0 0 0 10 10 0 0 
1 0 0 0 0 0 0 0 0 0 0 0 0 10 10 0 0 
2 0.06889713380542144 0 0.06889713380542144 0 0 0 0 0 0 0 0 0 14 14 0 0 
1 0.09072399317931917 0 0.09072399317931917 0 0 0 0 0 0 0 0 0 9 9 1 0 
2 0.09072399317931917 0 0.09072399317931917 0 0 0 0 0 0 0 0 0 9 9 0 0 
1 0.09072399317931917 0 0.09072399317931917 0 0 0 0 0 0 0 0 0 11 11 1 0 
2 0.09072399317931917 0 0.09072399317931917 0 0 0 0 0 0 0 0 0 11 11 0 0 
1 0.2530201381745912 0 0.2530201381745912 0 0 0 0 0 0 0 0 0 6 6 0 0 
2 0 0 0 0 0 0 0 0 0 0 0 0 40 40 0 0 
1 0.09072399317931917 0 0.09072399317931917 0 0 0 0 0 0 0 0 0 5 5 0 0 
2 0.06889713380542144 0 0.06889713380542144 0 0 0 0 0 0 0 0 0 14 14 0 0 
1 0.08434004605819705 0 0.08434004605819705 0 0 0 0 0 0 0 0 0 7 7 0 0 
2 0.18144798635863835 0 0.18144798635863835 0 0 0 0 0 0 0 0 0 9 9 0 0 
1 0 0 0 0 0 0 0 0 0 0 0 0 10 10 0 0 
2 0 0 0 0 0 0 0 0 0 0 0 0 40 40 0 0 
1 0 0 0 0 0 0 0 0 0 0 0 0 15 15 0 0 
2 0 0 0 0 0 0 1 0 0 0 0 0 7 7 0 0 
1 0 0.06889713380542144 0.06889713380542144 0 0 0 0 0 0 0 0 0 15 15 1 0 
2 0.06889713380542144 0 0.06889713380542144 0 0 0 0 0 0 0 0 0 14 14 0 0 
1 0 0 0 0 0 0 0 1 0 0 0 0 25 25 1 0 
2 0.09072399317931917 0 0.09072399317931917 0 0 0 0 0 0 0 0 0 9 9 0 0 
1 0 0 0 0 0 0 0 0 0 0 0 0 17 17 1 0 
2 0 0 0 0 0 0 0 0 0 0 0 0 17 17 0 0 
1 0 0 0 0 0 0 0 0 0 0 0 0 20 20 1 0 
2 0.09072399317931917 0 0.09072399317931917 0 0 0 0 0 0 0 0 0 11 11 0 0 
1 0 0 0 0 0 0 0 0 0 0 0 0 37 37 0 0 
2 0 0 0 0 0 0 0 0 0 0 0 0 40 40 0 0 
1 0 0 0 0 0 0 0 0 0 0 0 0 29 29 0 0 
2 0 0 0 0 0 0 0 0 0 0 0 0 29 29 0 0 
0 0 0 0 1 0 0 1 1 1 0 0 0 3 3 1 0 
2 0 0 0 0 0 0 1 1 1 0 1 0 27 27 0 0 
1 0 0.06953625755556016 0.06953625755556016 0 0 0 1 0 0 0 0 0 15 15 1 0 
2 0 0 0 0 0 0 1 0 0 0 0 0 15 15 0 0 
0 0 0 0 0 1 0 1 1 1 0 0 0 27 27 1 0 
2 0 0 0 0 0 0 1 0 0 0 0 0 15 15 0 0 
1 0.07479966221304765 0 0.07479966221304765 0 0 0 0 0 0 0 0 0 6 6 1 0 
2 0 0 0 0 0 0 1 0 0 0 0 0 15 15 0 0 
1 0 0 0 0 0 0 0 0 0 0 1 0 39 39 1 0 
2 0.34158737831574276 0 0.34158737831574276 0 0 0 0 1 0 0 0 0 6 6 1 0 
1 0 0 0 0 0 0 0 0 0 1 0 0 5 5 1 0 
2 0 0 0 0 0 0 1 1 1 0 0 0 34 34 1 0 
1 0 0 0 0 0 0 1 0 0 0 0 0 31 31 1 0 
2 0 0 0 0 0 0 0 0 0 0 0 0 69 69 1 0 
0 0 0 0 0 1 0 0 1 0 0 0 0 19 19 1 0 
2 0 0 0 0 0 0 0 0 0 0 0 0 13 13 1 0 
0 0 0 0 0 1 0 0 1 0 0 0 0 21 21 1 0 
2 0 0 0 1 0 0 1 0 0 0 0 0 3 3 0 0 
0 0 0 0 0 1 0 0 1 0 0 0 0 36 36 1 0 
2 0 0 0 0 0 0 0 0 0 0 0 0 21 21 0 0 
1 0 0 0 0 0 0 1 0 0 0 0 0 36 36 1 0 
2 0.09376885702959456 0 0.09376885702959456 0 0 0 0 0 0 0 0 0 6 6 1 0 
0 0 0 0 0 0 0 0 1 0 0 0 0 17 17 1 0 
2 0 0 0 0 0 0 1 0 0 0 0 0 27 27 0 0 
1 0 0 0 0 0 0 1 0 0 0 0 0 17 17 1 0 
2 0 0 0 0 0 0 0 1 0 0 0 0 26 26 1 0 
1 0 0 0 0 0 0 1 0 0 0 0 0 17 17 1 0 
2 0 0 0 0 0 0 0 0 0 0 0 0 26 26 0 0 
0 0 0 0 0 0 0 0 0 0 0 0 0 13 13 1 0 
2 0 0 0 0 0 0 0 0 0 0 0 0 45 45 1 0 
0 0 0 0 0 1 0 0 1 0 0 1 0 28 28 1 0 
2 0 0 0 0 0 0 0 1 0 0 0 0 41 41 1 0 
0 0.11807089155589304 0 0.11807089155589304 0 1 0 0 1 0 0 1 0 17 17 1 0 
2 0 0 0 0 1 0 0 1 0 0 0 0 52 52 0 0 
1 0 0 0 0 0 0 1 0 0 0 0 0 13 13 1 0 
2 0 0 0 0 0 0 1 0 0 0 0 0 13 13 0 0 
0 0 0 0 0 1 0 0 1 0 1 0 0 26 26 1 0 
2 0 0 0 0 1 0 0 1 0 0 0 0 52 52 0 0 
0 0 0.08773111837034016 0.08773111837034016 0 0 0 0 0 0 0 0 0 58 58 1 0 
2 0 0 0 0 0 0 0 0 0 0 0 0 29 29 1 0 
0 0 0 0 0 1 0 1 1 1 0 0 0 20 20 1 0 
2 0 0 0 0 0 0 0 0 0 0 0 0 29 29 1 0 
0 0 0 0 0 1 0 0 1 0 0 0 0 35 35 1 0 
2 0 0 0 0 0 0 1 0 0 0 0 0 9 9 1 0 
0 0 0 0 0 1 0 1 1 1 0 0 0 32 32 1 0 
2 0 0 0 0 0 0 0 1 0 0 0 0 10 10 0 0 
1 0 0 0 0 0 0 1 1 1 0 0 0 9 9 1 0 
2 0 0 0 0 0 0 0 0 0 0 0 0 23 23 1 0 
0 0 0 0 1 0 0 1 0 0 0 0 0 4 4 1 0 
2 0 0 0 0 0 0 0 0 0 0 0 0 34 34 1 0 
0 0 0 0 0 1 0 0 1 0 0 0 0 23 23 1 0 
2 0 0 0 0 0 0 0 0 0 0 0 0 23 23 1 0 
0 0 0 0 0 0 0 0 1 0 0 0 0 43 43 1 0 
2 0 0 0 0 0 0 1 0 0 0 0 0 13 13 0 0 
0 0 0 0 0 0 0 1 1 1 0 0 0 20 20 0 0 
2 0 0 0 0 0 0 0 1 0 0 0 0 66 66 0 0 
0 0 0 0 0 1 0 1 1 1 0 0 0 34 34 1 0 
2 0 0 0 0 0 0 1 0 0 0 0 0 34 34 0 0 
0 0 0 0 0 1 0 1 1 1 0 0 0 26 26 1 0 
2 0 0 0 0 0 0 1 0 0 0 0 0 19 19 0 0 
1 0 0 0 0 0 0 0 1 0 0 0 0 14 14 1 0 
2 0 0 0 0 0 0 0 1 0 0 0 0 66 66 0 0 
1 0 0 0 0 0 0 0 0 0 0 0 0 32 32 0 0 
2 0 0 0 0 0 0 1 0 0 0 0 0 19 19 0 0 
1 0 0 0 0 0 0 0 0 0 0 0 0 19 19 1 0 
2 0 0 0 1 0 0 1 0 0 0 0 0 3 3 0 0 
1 0 0 0 0 0 0 0 1 0 0 0 0 19 19 1 0 
2 0 0 0 0 1 0 0 1 0 0 0 0 16 16 0 0 
0 0 0 0 0 1 0 1 1 1 0 0 0 20 20 1 0 
2 0 0 0 0 1 0 0 1 0 0 0 0 31 31 1 0 
0 0 0 0 0 0 0 1 1 1 0 0 0 14 14 1 0 
2 0 0 0 1 0 0 1 0 0 0 0 0 4 4 1 0 
1 0 0 0 0 0 0 1 0 0 0 0 0 71 71 1 0 
2 0 0 0 0 0 0 1 1 1 0 0 0 23 23 0 0 
1 0 0 0 0 0 0 0 1 0 0 0 0 23 23 1 0 
2 0.4050855014938453 0 0.4050855014938453 0 0 0 0 0 0 0 0 0 6 6 1 0 
1 0 0 0 0 0 0 0 1 0 0 0 0 24 24 1 0 
2 0 0 0 0 0 0 0 0 0 0 0 0 44 44 0 0 
1 0 0 0 0 0 0 0 1 0 0 0 0 18 18 1 0 
2 0 0 0 0 0 0 0 0 0 0 0 0 14 14 0 0 
0 0 0 0 0 1 0 0 1 0 0 0 0 27 27 1 0 
2 0 0 0 1 0 0 1 0 0 0 0 0 3 3 0 0 
0 0 0 0 0 0 0 0 0 0 0 0 0 14 14 1 0 
2 0 0 0 0 0 0 0 0 0 0 0 0 14 14 0 0 
1 0.08079669261102378 0 0.08079669261102378 0 0 0 0 0 0 0 0 0 14 14 1 0 
2 0 0 0 0 0 0 0 0 0 0 0 0 14 14 0 0 
1 0 0 0 0 0 0 1 1 1 1 0 0 12 12 1 0 
2 0.08079669261102378 0 0.08079669261102378 0 0 0 0 0 0 0 0 0 14 14 0 0 
1 0 0 0 1 0 0 1 1 1 0 0 0 1 1 1 0 
2 0.08079669261102378 0 0.08079669261102378 0 0 0 0 0 0 0 0 0 14 14 0 0 
1 0 0 0 1 0 0 1 1 1 1 0 0 4 4 1 0 
2 0 0 0 0 0 0 0 0 0 0 0 0 14 14 0 0 
1 0 0 0 0 0 0 1 1 1 0 0 0 2 2 1 0 
2 0 0 0 0 0 0 0 0 0 0 0 0 55 55 0 0 
1 0.07107744423087828 0 0.07107744423087828 0 0 0 0 1 0 0 0 0 7 7 1 0 
2 0 0 0 0 0 0 0 0 0 0 0 0 14 14 0 0 
0 0 0.07107744423087828 0.07107744423087828 0 0 0 1 0 0 0 0 0 15 15 1 0 
2 0 0 0 0 0 0 0 0 0 0 0 0 14 14 0 0 
1 0 0 0 0 0 0 0 0 0 0 0 0 27 27 1 0 
2 0 0 0 0 0 0 0 0 0 0 0 0 27 27 0 0 
1 0.2529222448498697 0 0.2529222448498697 0 1 0 0 0 0 0 1 0 6 6 1 0 
2 0 0 0 0 0 0 0 0 0 0 0 0 37 37 0 0 
1 0 0 0 0 0 0 0 1 0 0 0 0 13 13 1 0 
2 0 0 0 0 0 0 1 1 1 0 0 0 25 25 0 0 
0 0 0 0 0 1 0 0 1 0 0 0 0 28 28 1 0 
2 0 0 0 0 0 0 1 1 1 0 0 0 9 9 0 0 
0 0 0 0 0 1 0 0 1 0 0 0 0 24 24 1 0 
2 0 0 0 0 0 0 0 0 0 0 0 0 54 54 0 0 
0 0 0 0 0 1 0 0 1 0 0 0 0 35 35 1 0 
2 0 0 0 0 0 0 1 0 0 0 0 0 16 16 1 0 
0 0 0 0 1 0 0 1 0 0 0 0 0 3 3 1 0 
2 0 0 0 0 0 0 0 1 0 1 0 0 43 43 0 0 
1 0 0 0 0 0 0 0 0 0 1 0 0 53 53 1 0 
2 0 0 0 0 0 0 0 1 0 0 0 0 51 51 0 0 
0 0 0 0 0 1 0 0 1 0 0 0 0 44 44 1 0 
2 0 0 0 0 0 0 0 1 0 0 0 0 13 13 0 0 
0 0 0 0 0 1 0 0 1 0 0 0 0 27 27 1 0 
2 0 0 0 0 0 0 1 1 1 0 0 0 25 25 0 0 
1 0 0 0 1 0 0 1 1 1 0 1 0 4 4 1 0 
2 0 0 0 0 0 0 0 1 0 1 0 0 53 53 0 0 
1 0 0 0 0 0 0 0 1 0 0 0 0 5 5 1 0 
2 0 0 0 0 0 0 0 1 0 1 0 0 53 53 0 0 
1 0 0 0 0 0 0 0 0 0 0 0 0 5 5 1 0 
2 0 0 0 0 0 0 0 1 0 1 0 0 53 53 0 0 
1 0 0 0 0 0 0 0 0 0 0 0 0 1 1 1 0 
2 0 0 0 0 0 0 1 1 1 0 0 0 22 22 0 0 
1 0 0 0 0 0 0 0 0 0 1 0 0 3 3 1 0 
2 0 0 0 0 0 0 0 1 0 0 0 0 25 25 0 0 
0 0 0.3964025415807829 0.3964025415807829 0 0 0 0 0 0 0 0 0 10 10 1 0 
2 0 0 0 0 0 0 1 0 0 0 0 0 9 9 1 0 
1 0 0 0 0 0 0 0 1 0 0 0 0 28 28 1 0 
2 0 0 0 0 1 0 0 1 0 0 0 0 24 24 0 0 
1 0 0.05668499367816794 0.05668499367816794 0 0 0 0 0 0 0 0 0 21 21 1 0 
2 0 0 0 0 0 0 0 0 0 0 0 0 20 20 0 0 
0 0.11925959926457758 0 0.11925959926457758 0 0 0 0 0 0 0 0 0 7 7 1 0 
2 0 0 0 0 0 0 0 0 0 0 0 0 19 19 1 0 
1 0 0.11925959926457758 0.11925959926457758 0 0 0 0 0 0 0 0 0 18 18 1 0 
2 0 0 0 0 0 0 0 0 0 0 0 0 18 18 1 0 
1 0 0 0 0 0 0 0 0 0 0 0 0 18 18 1 0 
1 0 0 0 0 0 0 0 0 0 0 0 0 75 75 1 0 
2 0 0 0 0 0 0 0 0 0 0 0 0 36 36 0 0 
0 0 0 0 0 1 0 0 1 0 0 0 0 23 23 1 0 
2 0 0 0 0 0 0 0 1 0 0 0 0 14 14 0 0 
0 0 0 0 0 0 0 1 0 0 0 0 0 4 4 1 0 
2 0 0 0 0 0 0 1 1 1 1 0 0 114 114 0 0 
0 0 0 0 0 1 0 1 1 1 0 0 0 20 20 1 0 
2 0 0 0 0 1 0 1 1 1 0 0 0 70 70 0 0 
1 0 0 0 0 0 0 1 0 0 0 0 0 20 20 1 0 
2 0 0 0 0 0 0 1 1 1 0 0 0 70 70 0 0 
1 0.21625903507658648 0 0.21625903507658648 0 0 0 0 0 0 0 0 0 5 5 1 0 
2 0 0 0 1 0 0 1 1 1 0 0 0 3 3 0 0 
1 0 0 0 0 0 0 0 0 0 0 0 0 20 20 1 0 
2 0 0 0 0 0 0 0 1 0 0 0 0 24 24 0 0 
1 0 0 0 1 0 0 1 0 0 0 0 0 3 3 1 0 
2 0 0 0 0 0 0 1 1 1 1 0 0 114 114 0 0 
1 0 0.21625903507658648 0.21625903507658648 0 0 0 0 0 0 0 0 0 13 13 1 0 
2 0 0 0 0 0 0 1 0 0 0 0 0 7 7 1 0 
1 0.06487508672680668 0.07941647932729899 0.14429156605410567 0 0 0 0 0 0 0 0 0 5 5 1 0.144556184092 
2 0 0 0 0 0 0 0 0 0 0 0 0 17 17 0 0 
1 0.07941647932729899 0 0.07941647932729899 0 0 0 0 0 0 0 0 0 7 7 1 0 
2 0 0 0 0 0 0 0 0 0 0 0 0 17 17 0 0 
2 0 0 0 0 0 0 0 0 0 0 0 0 25 25 0 0 
1 0 0 0 0 0 0 0 0 0 0 0 0 17 17 1 0 
2 0 0 0 0 0 0 1 0 0 0 0 0 16 16 0 0 
1 0 0 0 1 0 0 1 0 0 0 0 0 8 8 1 0 
2 0 0 0 0 0 0 0 0 0 0 0 0 31 31 0 0 
0 0 0 0 0 1 0 0 1 0 0 0 0 12 12 1 0 
2 0 0 0 0 0 0 0 0 0 0 0 0 12 12 1 0 
0 0 0 0 0 1 0 0 1 0 0 0 0 29 29 1 0 
2 0 0 0 0 0 0 1 0 0 0 0 0 33 33 1 0 
1 0 0 0 0 0 0 0 0 0 0 0 0 21 21 1 0 
2 0 0 0 0 0 0 0 0 0 0 0 0 29 29 0 0 
1 0 0 0 1 0 0 1 1 1 0 0 0 4 4 1 0 
2 0 0 0 0 0 0 0 0 0 0 0 0 29 29 0 0 
1 0 0 0 1 0 0 1 1 1 0 0 0 4 4 1 0 
2 0 0 0 0 0 0 0 0 0 0 0 0 21 21 1 0 
0 0 0 0 0 1 0 1 1 1 1 0 0 16 16 1 0 
2 0 0 0 0 0 0 0 0 0 0 0 0 23 23 1 0 
0 0 0 0 0 1 0 0 1 0 0 0 0 24 24 1 0 
2 0 0 0 0 0 0 0 1 0 0 0 0 17 17 0 0 
1 0 0 0 0 0 0 1 0 0 0 0 0 15 15 1 0 
2 0 0 0 0 0 0 1 0 0 0 0 0 15 15 1 0 
1 0 0 0 0 0 0 1 0 0 0 0 0 15 15 1 0 
2 0 0 0 0 0 0 1 0 0 0 0 0 15 15 1 0 
1 0 0 0 0 0 0 1 0 0 0 0 0 15 15 1 0 
2 0 0 0 0 0 0 1 0 0 0 0 0 15 15 1 0 
1 0 0 0 0 0 0 1 0 0 0 0 0 15 15 1 0 
2 0 0 0 0 0 0 0 0 0 1 0 0 52 52 1 0 
1 0 0 0 0 0 0 0 0 0 0 0 0 9 9 1 0 
2 0 0 0 0 0 0 1 1 1 0 0 0 20 20 1 0 
1 0.19380098334756457 0 0.19380098334756457 0 0 0 0 0 0 0 0 0 2 2 1 0 
2 0 0 0 0 0 0 0 1 0 0 0 0 13 13 1 0 
1 0 0 0 0 0 0 0 0 0 0 0 0 18 18 1 0 
2 0 0 0 0 0 0 0 1 0 0 0 0 29 29 0 0 
0 0 0 0 0 0 0 1 0 0 0 0 0 19 19 1 0 
2 0 0 0 0 0 0 0 1 0 0 0 0 29 29 0 0 
1 0 0 0 0 0 0 1 0 0 0 0 0 31 31 1 0 
2 0 0 0 0 0 0 0 0 0 0 0 0 21 21 0 0 
1 0 0 0 0 0 0 1 0 0 0 0 0 19 19 1 0 
2 0 0 0 0 0 0 0 0 0 0 0 0 21 21 0 0 
0 0 0 0 0 0 0 0 0 0 0 0 0 15 15 1 0 
2 0 0 0 0 0 0 1 0 0 0 0 0 19 19 0 0 
1 0.15930414200325538 0 0.15930414200325538 0 0 0 0 0 0 0 0 0 15 15 1 0 
2 0 0 0 1 0 0 1 0 0 0 0 0 3 3 0 0 
0 0 0 0 1 0 0 1 0 0 0 0 0 3 3 1 0 
2 0 0 0 0 0 0 0 0 0 0 0 0 70 70 1 0 
0 0 0 0 0 0 0 1 0 0 0 0 0 4 4 1 0 
2 0 0 0 0 0 0 0 0 0 0 0 0 70 70 1 0 
1 0 0 0 0 0 0 0 0 0 0 0 0 46 46 1 0 
2 0 0 0 0 0 0 0 1 0 0 0 0 15 15 1 0 
1 0 0.16136250706215355 0.16136250706215355 1 0 0 1 0 0 1 0 0 3 3 1 0 
2 0 0 0 0 0 0 0 0 0 0 0 0 70 70 1 0 
1 0.08068125353107677 0 0.08068125353107677 0 0 0 0 0 0 0 0 0 7 7 1 0 
2 0 0 0 0 0 0 0 0 0 0 0 0 50 50 1 0 
1 0 0 0 1 0 0 1 0 0 1 0 0 3 3 1 0 
2 0 0 0 0 0 0 1 1 1 0 0 0 19 19 1 0 
0 0.08068125353107677 0.06785146295497724 0.148532716486054 0 0 0 0 0 0 0 0 0 12 12 1 0 
2 0 0 0 0 0 0 0 1 0 0 0 0 15 15 1 0 
0 0 0 0 0 1 0 1 0 0 0 0 0 19 19 1 0 
2 0 0 0 0 0 0 1 1 1 0 0 0 25 25 1 0 
1 0 0 0 0 0 0 0 1 0 0 0 0 11 11 1 0 
2 0 0 0 0 0 0 1 0 0 1 0 0 34 34 0 0 
0 0 0 0 0 0 0 1 1 1 0 1 0 32 32 1 0 
2 0 0 0 0 0 0 1 0 0 1 0 0 34 34 0 0 
0 0 0 0 0 1 0 1 1 1 0 0 0 13 13 1 0 
2 0 0 0 0 0 0 1 1 1 0 1 0 8 8 1 0 
0 0 0 0 0 0 0 1 1 1 0 1 0 27 27 1 0 
2 0 0 0 0 0 0 1 1 1 0 1 0 8 8 1 0 
1 0 0 0 0 0 0 0 1 0 0 0 0 11 11 1 0 
2 0 0 0 0 0 0 1 0 0 0 0 0 28 28 1 0 
0 0 0 0 0 0 0 0 1 0 0 0 0 9 9 1 0 
2 0 0 0 1 0 0 0 1 0 0 1 0 5 5 1 0 
1 0 0 0 0 0 0 0 0 0 0 0 0 9 9 1 0 
2 0 0 0 0 0 0 0 0 0 0 0 0 28 28 0 0 
1 0 0 0 0 0 0 0 0 0 0 0 0 20 20 1 0 
2 0 0 0 0 0 0 0 0 0 0 0 0 30 30 0 0 
1 0.22009746571156366 0.12908090532686708 0.34917837103843075 0 0 0 0 0 0 0 0 0 7 7 1 0.547968356583 
2 0 0 0 0 0 0 0 0 0 0 0 0 19 19 1 0 
1 0.14673164380770912 0.061699318357187276 0.2084309621648964 0 0 0 0 0 0 0 0 0 9 9 1 0 
2 0 0 0 0 0 0 1 0 0 0 0 0 9 9 1 0 
1 0.07336582190385456 0 0.07336582190385456 0 0 0 0 0 0 0 0 0 15 15 1 0 
2 0 0 0 0 0 0 0 0 0 0 0 0 28 28 0 0 
0 0 0 0 0 1 0 0 1 0 0 0 0 13 13 1 0 
2 0 0 0 0 0 0 1 1 1 0 0 0 75 75 1 0 
1 0.3370854867225333 0 0.3370854867225333 0 0 0 0 0 0 0 0 0 9 9 1 0 
2 0.3587314176791612 0 0.3587314176791612 0 0 0 0 0 0 0 0 0 6 6 0 0 
0 0 0 0 1 0 0 1 1 1 0 1 0 3 3 1 0 
2 0 0 0 0 0 0 0 0 0 0 0 0 22 22 1 0 
1 0 0.3587314176791612 0.3587314176791612 0 0 0 0 0 0 1 0 0 29 29 1 0 
2 0 0 0 0 0 0 0 0 0 0 1 0 22 22 0 0 
1 0 0.3587314176791612 0.3587314176791612 0 0 0 1 0 0 1 0 0 8 8 1 0 
2 0 0 0 0 0 0 0 0 0 1 0 0 29 29 0 0 
0 0.3587314176791612 0 0.3587314176791612 0 0 0 0 0 0 0 0 0 6 6 1 0 
2 0.3587314176791612 0 0.3587314176791612 0 0 0 0 0 0 0 0 0 6 6 0 0 
0 0 0 0 0 1 0 1 1 1 1 0 0 8 8 1 0 
2 0 0.3587314176791612 0.3587314176791612 0 0 0 0 0 0 0 0 0 22 22 0 0 
1 0 0.3587314176791612 0.3587314176791612 0 0 0 0 0 0 1 0 0 29 29 1 0 
2 0 0 0 0 0 0 0 0 0 0 0 0 22 22 1 0 
1 0 0.3587314176791612 0.3587314176791612 0 0 0 1 0 0 1 0 0 8 8 1 0 
2 0 0.3587314176791612 0.3587314176791612 0 0 0 0 0 0 0 0 0 22 22 0 0 
1 0.3587314176791612 0 0.3587314176791612 0 0 0 0 0 0 0 0 0 6 6 1 0 
2 0 0 0 1 0 0 1 0 0 0 0 0 3 3 0 0 
0 0 0 0 0 1 0 0 1 0 0 0 0 27 27 1 0 
2 0 0 0 0 0 0 0 0 0 0 0 0 22 22 0 0 
0 0 0 0 0 1 0 0 1 0 0 0 0 31 31 1 0 
2 0 0 0 0 0 0 0 0 0 0 0 0 27 27 0 0 
0 0 0 0 0 1 0 0 1 0 0 0 0 22 22 1 0 
2 0 0 0 0 1 0 0 1 0 0 0 0 32 32 0 0 
1 0 0.1364219771167665 0.1364219771167665 0 0 0 0 0 0 0 0 0 27 27 1 0 
2 0.15507654600927542 0 0.15507654600927542 0 0 0 0 0 0 0 0 0 13 13 1 0 
1 0 0.1364219771167665 0.1364219771167665 0 0 0 0 0 0 0 0 0 22 22 1 0 
2 0 0 0 0 0 0 0 0 0 0 0 0 28 28 0 0 
1 0 0.1364219771167665 0.1364219771167665 0 0 0 0 0 0 0 0 0 31 31 1 0 
2 0 0 0 0 0 0 1 0 0 0 0 0 4 4 0 0 
1 0 0 0 0 0 0 0 0 0 0 0 0 9 9 0 0 
2 0 0 0 0 0 0 0 0 0 0 0 0 9 9 0 0 
0 0 0 0 0 0 0 0 0 0 0 1 0 60 60 1 0 
2 0 0 0 0 0 0 1 0 0 0 0 0 12 12 0 0 
1 0 0 0 0 0 0 0 1 0 0 0 0 17 17 1 0 
2 0 0 0 0 0 0 0 0 0 0 0 0 32 32 1 0 
0 0 0 0 0 0 0 0 0 0 0 0 0 36 36 1 0 
2 0 0 0 0 0 0 0 0 0 0 0 0 38 38 0 0 
1 0 0 0 0 0 0 1 0 0 0 0 0 24 24 0 0 
2 0 0 0 0 0 0 0 0 0 0 0 0 50 50 0 0 
1 0 0 0 0 0 0 0 0 0 0 0 0 38 38 1 0 
2 0 0 0 0 0 0 0 0 0 0 0 0 17 17 0 0 
1 0 0 0 0 0 0 0 0 0 1 0 0 34 34 1 0 
2 0 0 0 0 0 0 1 0 0 0 0 0 20 20 0 0 
1 0 0 0 0 0 0 0 1 0 0 0 0 50 50 1 0 
2 0 0 0 0 0 0 1 0 0 0 0 0 53 53 1 0 
1 0.23066379293767653 0 0.23066379293767653 0 0 0 0 1 0 0 0 0 6 6 1 0 
2 0 0 0 0 0 0 0 1 0 0 0 0 26 26 0 0 
1 0 0 0 0 0 0 0 0 0 0 0 0 8 8 1 0 
2 0 0 0 0 0 0 0 0 0 0 0 0 19 19 0 0 
1 0.07585651312292517 0 0.07585651312292517 0 0 0 0 0 0 0 0 0 7 7 1 0 
2 0 0 0 0 0 0 0 0 0 1 0 0 16 16 1 0 
0 0 0 0 0 1 0 1 1 1 0 0 0 11 11 1 0 
2 0 0 0 0 1 0 0 1 0 0 1 0 33 33 0 0 
0 0 0 0 0 1 0 1 1 1 0 0 0 30 30 1 0 
2 0 0 0 0 0 0 1 0 0 0 1 0 15 15 1 0 
0 0 0 0 0 1 0 1 1 1 0 0 0 14 14 1 0 
2 0 0 0 0 0 0 0 1 0 0 0 0 33 33 0 0 
0 0 0 0 0 0 0 0 0 0 0 0 0 12 12 1 0 
2 0 0.06811497389113691 0.06811497389113691 0 0 0 0 0 0 0 0 0 19 19 0 0 
1 0.1105551500848323 0.18114181537167115 0.2916969654565035 0 0 0 0 0 0 0 0 0 5 5 1 0.575849096236 
2 0 0.06811497389113691 0.06811497389113691 0 0 0 0 0 0 0 0 0 19 19 0 0 
1 0 0.18114181537167115 0.18114181537167115 0 0 0 0 0 0 0 0 0 16 16 1 0 
2 0.06811497389113691 0.18114181537167115 0.24925678926280806 0 0 0 0 0 0 0 0 0 9 9 0 0.472375034045 
1 0.10568840346816066 0.18114181537167115 0.28683021883983184 0 0 0 0 0 0 0 0 0 8 8 1 0.672322886583 
2 0 0 0 0 0 0 0 1 0 0 0 0 39 39 1 0 
1 0 0 0 0 0 0 1 0 0 0 0 0 16 16 1 0 
2 0 0 0 0 0 0 1 0 0 0 0 0 16 16 0 0 
0 0 0 0 0 0 0 1 1 1 0 0 0 22 22 1 0 
2 0 0 0 0 0 0 0 0 0 0 0 0 22 22 0 0 
0 0 0 0 0 0 0 0 0 0 0 0 0 21 21 1 0 
2 0 0 0 0 0 0 0 0 0 0 0 0 13 13 1 0 
1 0 0 0 0 0 0 1 0 0 0 0 0 25 25 1 0 
2 0 0.055189608756316746 0.055189608756316746 0 0 0 0 0 0 0 0 0 10 10 0 0 
1 0 0.042356867628566594 0.042356867628566594 0 0 0 0 0 0 0 0 0 23 23 1 0 
2 0.35491912248953356 0 0.35491912248953356 0 0 0 0 0 0 0 0 0 8 8 1 0 
1 0 0 0 0 0 0 0 0 0 0 0 0 23 23 1 0 
2 0.08742533077800661 0 0.08742533077800661 0 0 0 0 0 0 0 0 0 9 9 1 0 
1 0 0 0 0 0 0 0 0 0 0 0 0 16 16 1 0 
2 0.08742533077800661 0 0.08742533077800661 0 0 0 0 0 0 0 0 0 9 9 1 0 
1 0 0 0 0 0 0 0 0 0 0 0 0 15 15 1 0 
2 0 0 0 0 0 0 0 0 0 1 0 0 50 50 0 0 
1 0 0 0 0 0 0 0 0 0 0 0 0 17 17 1 0 
2 0 0 0 0 0 0 0 0 0 0 0 0 12 12 1 0 
1 0.16236215595841128 0 0.16236215595841128 0 0 0 0 1 0 0 0 0 6 6 1 0 
2 0.16236215595841128 0 0.16236215595841128 0 0 0 0 1 0 0 0 0 6 6 0 0 
1 0 0 0 0 0 0 1 0 0 0 0 0 4 4 1 0 
2 0 0 0 0 0 0 1 0 0 0 0 0 7 7 0 0 
0 0 0 0 0 1 0 1 1 1 0 0 0 20 20 1 0 
2 0.10835081018007041 0 0.10835081018007041 0 0 0 0 1 0 0 0 0 11 11 0 0 
1 0 0 0 0 0 0 0 0 0 0 0 0 20 20 1 0 
2 0 0 0 0 1 0 1 1 1 0 0 0 14 14 0 0 
1 0 0 0 0 0 0 0 0 0 0 0 0 13 13 1 0 
2 0 0 0 1 0 0 1 0 0 0 0 0 4 4 1 0 
1 0.10835081018007041 0 0.10835081018007041 0 0 0 0 0 0 0 0 0 11 11 1 0 
2 0 0 0 0 0 0 0 0 0 0 0 0 28 28 1 0 
0 0 0 0 0 1 0 1 1 1 0 0 0 21 21 1 0 
2 0.0672763996719835 0 0.0672763996719835 0 0 0 0 0 0 0 0 0 6 6 0 0 
0 0 0 0 0 1 0 0 1 0 0 0 0 24 24 1 0 
2 0 0.0672763996719835 0.0672763996719835 0 0 0 1 0 0 0 0 0 9 9 0 0 
0 0 0.07236874901347023 0.07236874901347023 0 0 0 0 0 0 0 0 0 18 18 1 0 
2 0.0672763996719835 0 0.0672763996719835 0 0 0 0 0 0 0 0 0 6 6 0 0 
0 0 0 0 0 1 0 1 1 1 0 0 0 18 18 1 0 
2 0.11283668037135473 0 0.11283668037135473 0 0 0 0 0 0 0 0 0 7 7 0 0 
0 0 0 0 0 0 0 0 0 0 0 0 0 57 57 1 0 
2 0 0 0 0 0 0 0 0 0 0 0 0 31 31 1 0 
1 0 0 0 0 0 0 1 0 0 0 0 0 15 15 1 0 
2 0 0 0 0 0 0 0 0 0 0 0 0 16 16 0 0 
1 0 0 0 0 0 0 0 0 0 0 0 0 25 25 0 0 
2 0 0 0 0 0 0 0 0 0 0 0 0 16 16 0 0 
1 0 0.29508051499161847 0.29508051499161847 0 0 0 0 0 0 0 0 0 18 18 0 0 
2 0 0 0 0 0 0 0 0 0 0 0 0 16 16 1 0 
0 0 0 0 0 1 0 1 1 1 0 0 0 24 24 1 0 
2 0 0 0 0 0 0 0 0 0 0 0 0 25 25 0 0 
1 0 0 0 0 0 0 1 0 0 0 0 0 24 24 0 0 
2 0 0 0 0 0 0 0 0 0 0 0 0 16 16 1 0 
0 0 0 0 0 1 0 1 1 1 0 0 0 16 16 1 0 
2 0 0 0 0 0 0 0 0 0 0 0 0 16 16 0 0 
1 0 0 0 0 0 0 1 0 0 0 0 0 16 16 0 0 
2 0 0 0 0 0 0 0 0 0 0 0 0 19 19 1 0 
2 0 0 0 0 0 0 0 0 0 0 0 0 55 55 0 0 
0 0 0 0 1 0 0 1 1 1 0 0 0 4 4 1 0 
2 0 0 0 0 0 0 0 0 0 0 0 0 24 24 1 0 
1 0 0 0 0 0 0 1 0 0 0 0 0 22 22 1 0 
2 0 0 0 0 0 0 0 0 0 0 0 0 24 24 1 0 
1 0 0 0 0 0 0 1 0 0 0 0 0 8 8 1 0 
2 0 0.07400612153570107 0.07400612153570107 0 0 0 0 0 0 0 0 0 21 21 0 0 
1 0 0 0 0 0 0 1 0 0 0 0 0 15 15 1 0 
2 0 0.07400612153570107 0.07400612153570107 1 0 0 1 0 0 0 0 0 3 3 0 0 
0 0 0 0 0 1 0 0 1 0 0 0 0 21 21 1 0 
2 0 0 0 0 0 0 0 1 0 0 0 0 42 42 0 0 
1 0 0 0 1 0 0 1 0 0 1 0 0 10 10 1 0 
2 0 0 0 0 0 0 1 0 0 0 0 0 25 25 0 0 
1 0 0 0 1 0 0 1 0 0 1 0 0 9 9 1 0 
2 0 0 0 1 0 0 1 0 0 0 0 0 3 3 1 0 
0 0 0 0 0 1 0 1 1 1 0 0 0 16 16 1 0 
2 0 0 0 0 0 0 0 0 0 0 0 0 29 29 1 0 
0 0 0 0 0 1 0 1 1 1 0 0 0 21 21 1 0 
2 0 0 0 0 0 0 1 0 0 0 0 0 16 16 1 0 
0 0 0 0 0 1 0 1 1 1 0 0 0 21 21 1 0 
2 0 0 0 0 0 0 1 0 0 0 0 0 21 21 1 0 
0 0 0 0 0 1 0 1 1 1 0 0 0 23 23 1 0 
2 0.07620895342368054 0 0.07620895342368054 0 0 0 0 0 0 0 0 0 3 3 1 0 
0 0 0 0 0 1 0 1 1 1 0 0 0 25 25 1 0 
2 0 0.5067701719044154 0.5067701719044154 0 0 0 0 0 0 0 0 0 8 8 1 0 
1 0 0.07489799297891137 0.07489799297891137 0 0 0 0 0 0 0 0 0 9 9 1 0 
2 0 0.5067701719044154 0.5067701719044154 0 0 0 0 0 0 0 0 0 11 11 1 0 
1 0 0.07489799297891137 0.07489799297891137 0 0 0 0 0 0 0 0 0 10 10 1 0 
2 0 0.5067701719044154 0.5067701719044154 0 0 0 0 0 0 0 0 0 10 10 1 0 
1 0 0.07489799297891137 0.07489799297891137 0 0 0 0 0 0 0 0 0 8 8 1 0 
2 0 0 0 0 0 0 0 0 0 0 0 0 17 17 0 0 
1 0 0.07489799297891137 0.07489799297891137 0 0 0 0 0 0 0 0 0 11 11 1 0 
2 0 0 0 0 0 0 0 0 0 1 0 0 8 8 0 0 
0 0 0 0 0 1 0 0 1 0 0 0 0 14 14 1 0 
2 0 0 0 0 0 0 0 0 0 0 0 0 19 19 1 0 
0 0 0 0 0 1 0 1 1 1 0 0 0 43 43 1 0 
2 0 0 0 0 0 0 0 1 0 0 0 0 23 23 0 0 
1 0 0 0 0 0 0 1 1 1 0 0 0 7 7 1 0 
2 0 0 0 0 0 0 1 0 0 0 0 0 34 34 0 0 
1 0 0 0 0 0 0 1 1 1 0 0 0 11 11 1 0 
2 0 0 0 0 0 0 0 0 0 0 0 0 24 24 1 0 
0 0 0 0 0 1 0 0 1 0 0 0 0 18 18 1 0 
2 0 0 0 0 0 0 0 0 0 0 0 0 38 38 0 0 
0 0 0 0 0 1 0 0 1 0 0 0 0 23 23 1 0 
2 0 0 0 0 0 0 0 0 0 0 0 0 24 24 1 0 
0 0 0 0 0 1 0 0 1 0 0 0 0 31 31 1 0 
2 0 0 0 0 0 0 0 0 0 0 0 0 29 29 0 0 
1 0 0 0 1 0 0 1 0 0 0 0 0 2 2 1 0 
2 0 0 0 0 0 0 1 1 1 0 0 0 14 14 0 0 
1 0 0 0 0 0 0 1 0 0 0 0 0 7 7 1 0 
2 0 0 0 0 0 0 1 0 0 0 0 0 38 38 1 0 
1 0 0 0 0 0 0 0 0 0 0 0 0 20 20 1 0 
2 0 0 0 0 0 0 1 1 1 0 0 0 56 56 0 0 
0 0 0 0 1 0 0 1 1 1 0 0 0 4 4 1 0 
2 0 0 0 0 0 0 0 0 0 0 0 0 17 17 1 0 
0 0 0 0 1 0 0 1 1 1 0 0 0 4 4 1 0 
2 0 0 0 0 0 0 1 0 0 0 0 0 38 38 1 0 
0 0 0 0 1 0 0 1 0 0 0 0 0 3 3 1 0 
2 0 0 0 0 0 0 0 0 0 0 0 0 53 53 0 0 
0 0 0 0 0 0 0 0 1 0 0 0 0 12 12 0 0 
2 0 0 0 0 0 0 0 1 0 0 0 0 20 20 1 0 
0 0 0 0 1 0 0 1 1 1 0 0 0 5 5 1 0 
2 0 0 0 0 0 0 1 0 0 0 0 0 18 18 0 0 
0 0 0 0 0 0 0 1 0 0 0 0 0 20 20 0 0 
2 0 0 0 0 0 0 0 1 0 0 0 0 22 22 1 0 
0 0 0 0 0 0 0 1 0 0 0 0 0 42 42 1 0 
2 0 0 0 0 0 0 1 0 0 0 0 0 18 18 0 0 
1 0 0 0 0 0 0 0 0 0 0 0 0 17 17 1 0 
2 0 0 0 0 0 0 1 0 0 0 0 0 18 18 0 0 
1 0 0 0 0 0 0 0 0 0 0 0 0 18 18 1 0 
2 0 0 0 0 0 0 0 0 0 0 0 0 30 30 0 0 
0 0 0 0 0 0 0 0 0 0 0 0 0 34 34 1 0 
2 0 0 0 0 0 0 0 0 0 0 0 0 27 27 0 0 
1 0 0 0 0 0 0 0 1 0 0 1 0 38 38 1 0 
2 0 0 0 0 0 0 0 1 0 0 0 0 38 38 0 0 
1 0 0.1882996654778508 0.1882996654778508 0 0 0 0 0 0 0 0 0 20 20 1 0 
2 0.38080692633859475 0.12478850219125716 0.505595428529852 0 0 0 0 0 0 0 0 0 7 7 1 0.524043476518 
1 0 0 0 0 0 0 1 0 0 0 0 0 2 2 1 0 
2 0.12478850219125716 0.12478850219125716 0.24957700438251432 0 0 0 0 0 0 0 0 0 9 9 1 1.0 
0 0 0.16096753262366262 0.16096753262366262 0 0 0 0 0 0 0 0 0 18 18 1 0 
2 0 0 0 0 0 0 0 1 0 0 0 0 16 16 1 0 
0 0 0 0 0 0 0 0 0 0 0 1 0 38 38 1 0 
2 0 0 0 0 0 0 1 0 0 0 0 0 52 52 1 0 
1 0 0.23359470055980733 0.23359470055980733 0 0 0 0 0 0 0 0 0 22 22 1 0 
2 0 0 0 0 0 0 0 0 0 0 0 0 31 31 1 0 
0 0 0 0 0 1 0 1 1 1 0 0 0 28 28 1 0 
2 0 0 0 0 0 0 0 0 0 0 0 0 36 36 0 0 
0 0.10528431457310043 0 0.10528431457310043 0 1 0 0 1 0 0 0 0 13 13 1 0 
2 0.10528431457310043 0 0.10528431457310043 0 0 0 0 1 0 0 0 0 13 13 0 0 
1 0 0.21020365026267782 0.21020365026267782 0 0 0 0 0 0 0 0 0 14 14 1 0 
2 0 0 0 0 0 0 0 0 0 0 0 0 88 88 0 0 
0 0 0 0 0 1 0 1 1 1 0 0 0 19 19 1 0 
2 0 0 0 0 0 0 0 0 0 0 0 0 56 56 0 0 
1 0 0 0 0 0 0 1 0 0 0 1 0 45 45 1 0 
2 0.0675781951460752 0 0.0675781951460752 0 0 0 0 1 0 0 1 0 9 9 1 0 
1 0 0 0 0 0 0 0 0 0 1 0 0 13 13 1 0 
2 0 0.16916584033292612 0.16916584033292612 0 0 0 1 0 0 0 0 0 31 31 0 0 
0 0 0 0 0 0 0 0 0 0 0 0 0 12 12 1 0 
2 0 0.10478322770046511 0.10478322770046511 0 0 0 0 0 0 0 0 0 11 11 1 0 
0 0 0 0 0 1 0 0 1 0 0 0 0 21 21 1 0 
2 0 0.10478322770046511 0.10478322770046511 0 0 0 0 0 0 0 0 0 15 15 1 0 
1 0 0 0 0 0 0 0 0 0 0 0 0 11 11 1 0 
2 0 0.060178602032411405 0.060178602032411405 0 0 0 1 0 0 0 0 0 11 11 0 0 
1 0 0 0 0 0 0 0 0 0 0 0 0 10 10 1 0 
2 0 0.10478322770046511 0.10478322770046511 0 0 0 0 0 0 0 0 0 10 10 1 0 
1 0 0 0 0 0 0 1 0 0 0 0 0 11 11 1 0 
2 0 0.10478322770046511 0.10478322770046511 0 0 0 0 0 0 0 0 0 24 24 1 0 
1 0 0 0 0 0 0 1 0 0 0 0 0 15 15 1 0 
2 0 0.10478322770046511 0.10478322770046511 0 0 0 0 0 0 0 0 0 15 15 1 0 
1 0 0 0 1 0 0 1 0 0 0 0 0 3 3 1 0 
2 0 0 0 0 1 0 1 1 1 0 0 0 40 40 0 0 
0 0 0 0 0 1 0 0 1 0 0 0 0 22 22 1 0 
2 0 0 0 0 1 0 1 1 1 0 0 0 40 40 0 0 
1 0 0 0 0 0 0 1 0 0 0 0 0 14 14 1 0 
2 0 0 0 0 0 0 0 1 0 0 0 0 24 24 1 0 
0 0 0 0 0 0 0 0 0 0 0 0 0 30 30 1 0 
2 0.2810610296458463 0 0.2810610296458463 0 0 0 0 0 0 0 0 0 8 8 1 0 
1 0.2810610296458463 0 0.2810610296458463 0 0 0 0 0 0 0 0 0 8 8 1 0 
2 0 0 0 0 0 0 0 0 0 0 0 0 15 15 0 0 
1 0 0 0 0 0 0 0 0 0 0 0 0 32 32 1 0 
2 0 0 0 0 1 0 0 1 0 0 0 0 32 32 0 0 
0 0 0 0 1 0 0 1 0 0 0 0 0 3 3 1 0 
2 0.2810610296458463 0 0.2810610296458463 0 0 0 0 0 0 0 0 0 8 8 0 0 
0 0 0.1350384161140265 0.1350384161140265 0 0 0 0 0 0 0 0 0 18 18 1 0 
